 Penn State
LATITUDE 40.72
ALTITUDE 376
SCREENING_HEIGHT  10
YEAR	DOY	TX	TN	SOLAR	RHX	RHN	WIND
1998	180	25.4	18.7	2516	94.1	60	4.042
1998	181	25.5	15.6	3863	97.6	58.9	4.67
1998	182	25	16.4	12260	93	33.9	4.701
1998	183	25.7	11	13300	98	35.4	1.459
1998	184	27.9	12.2	8943	100.4	36.2	1.188
1998	185	24.9	13.4	526.5	99.4	51.2	1.034
1998	186	24.6	13.2	12080	108.6	42.1	1.994
1998	187	25.1	10.4	12130	102	46	2.006
1998	188	25	18.3	2204	97.4	56.7	3.175
1998	189	21.5	16.4	353.8	104.5	78.3	3.239
1998	190	26.2	17.7	3655	107.9	56.3	2.078
1998	191	24.5	15.4	11540	100.5	39.7	1.967
1998	192	23.9	9.5	12940	102.5	36.5	1.653
1998	193	26.1	9	14080	102.2	35	1.143
1998	194	28.3	11.4	15610	102.9	43.1	1.615
1998	195	28.5	18.6	4708	99.7	43.2	2.242
1998	196	25.1	17	23.85	99.2	62.8	1.213
1998	197	26.8	19.5	1303	107.4	68	1.457
1998	198	27.9	18.4	2917	106	62.6	1.682
1998	199	26.2	14.4	16390	102.7	39.3	1.765
1998	200	28.1	12.4	7693	104.5	49.4	1.61
1998	201	26.4	20.5	4532	100.6	65.1	4.182
1998	202	28.8	18.7	4022	106.9	55.8	2.662
1998	203	28.4	20.1	4905	96	59.1	3.404
1998	204	26.4	19.8	3782	102.7	66	2.799
1998	205	23.8	15.4	2515	107	54.5	1.934
1998	206	26.2	11	8673	107.8	33.7	0.8202
1998	207	27.1	15	12870	103.7	47.6	1.332
1998	208	26.9	13.1	5998	108.7	52.7	1.57
1998	209	26.8	14.8	4688	107.8	55.3	2.342
1998	210	26.9	18.4	4448	97.9	61.8	2.904
1998	211	26.3	12.3	3741	103.9	48.4	1.009
1998	212	25.4	16.7	7663	108.5	41.5	1.862
1998	213	25.1	8.7	18830	105.7	35.8	1.151
1998	214	26.6	9.3	18130	107.8	36.7	1.009
1998	215	28	10.5	15830	107.1	38	1.254
1998	216	29	13.4	11850	104.4	40.2	1.228
1998	217	29.1	14.4	6579	103.6	41.9	1.671
1998	218	28.5	15.1	12950	92.9	34.7	2.435
1998	219	27.4	13.9	13090	90	46.6	2.196
1998	220	26.8	18.8	3568	98	58.2	3.034
1998	221	25.7	20.4	731.8	92.2	63.4	2.272
1998	222	25.2	19.9	115.8	108.2	83	2.246
1998	223	27.8	16.6	5269	108.8	50.2	1.493
1998	224	25.5	14.2	7564	107.9	54.3	1.465
1998	225	26.3	11.2	11190	107.8	54.3	1.355
1998	226	24.3	19.4	371	101.2	70.3	3.308
1998	227	25.8	18.7	4534	101.7	74.3	2.466
1998	228	28.4	18.7	2979	107.2	68.6	1.574
1998	229	24.3	19	89.35	105	78.3	1.327
1998	230	25.1	17.3	2963	109	64.6	2.133
1998	231	21.8	9.6	16670	97.2	40.2	2.434
1998	232	24.7	6.9	12870	107.1	44.8	1.015
1998	233	27.6	11.6	7945	107.7	60.1	1.502
1998	234	29.5	17.6	5603	104.5	57.2	1.302
1998	235	28.9	15.9	4324	108.4	58.7	1.8
1998	236	26.9	21	3711	93.8	59	3.664
1998	237	23.6	18	111.8	99.4	74.5	3.333
1998	238	29.6	16.4	8716	109	45.5	1.235
1998	239	27.1	13.5	16280	107.9	50.5	1.994
1998	240	29.8	13.4	11810	106.9	47.7	0.9262
1998	241	24.2	16.5	1140	107.6	76.4	1.609
1998	242	28.1	15.8	10960	108.6	39.8	1.644
1998	243	26.7	16.3	8866	105.6	37.7	1.412
1998	244	27.3	9.3	12850	107.6	38.7	0.9021
1998	245	25.5	14.8	5157	105.1	49.4	1.552
1998	246	26.5	7	11430	109.3	34.2	1.239
1998	247	25.9	10	13800	107.4	34.2	1.287
1998	248	26.7	9.5	14950	104.7	41.8	1.622
1998	249	31.3	11.4	10540	108.3	44.8	2.5
1998	250	27.6	18	735	104.7	52.7	3.562
1998	251	18	9.9	4162	107.2	55.7	2.428
1998	252	17	7.2	2719	105.3	56.6	2.671
1998	253	21.3	7.9	13410	103.8	46.5	2.745
1998	254	25.3	7.7	12420	103.8	42.6	2.5
1998	255	29.1	15.8	10910	84.3	31.7	2.572
1998	256	28.2	14.8	6274	102.6	51.8	1.286
1998	257	30.8	13.2	8344	109.5	42.4	1.218
1998	258	31.4	21.4	4190	86.5	44.4	2.695
1998	259	27.6	19.9	1731	105.6	61.9	1.85
1998	260	23.1	17.4	591.5	106.6	80.6	1.389
1998	261	27	12.3	14170	106.3	37.4	1.276
1998	262	24	17.5	2433	96	53.4	3.359
1998	263	27.8	16.7	4457	105.8	61.6	2.028
1998	264	27	17	2065	108.6	70.6	2.607
1998	265	22.7	16.8	2878	107.6	54.2	1.719
1998	266	17.5	5.5	13490	103.8	38.1	2.042
1998	267	19.8	2.4	11610	108.3	46.8	1.857
1998	268	19.9	12.4	1837	105.2	57.1	2.148
1998	269	29	12	4363	109.3	65	1.463
1998	270	27.8	20.6	5052	98.2	55.8	4.002
1998	271	21.3	12.9	9392	107.8	43.1	2.277
1998	272	23.6	4.7	14480	107.7	45	1.384
1998	273	25.9	12.1	8473	103	49.5	1.778
1998	274	20.2	10.3	10920	97.1	20.2	3.598
1998	275	15.2	2.6	10770	101.5	37.4	2.337
1998	276	10.4	5	2.877	106.8	80.1	1.385
1998	277	8	7.2	1.27	107.8	101.2	2.983
1998	278	13.4	8	7.776	109.1	98.4	1.538
1998	279	13	8.3	10.2	108.6	77.1	1.687
1998	280	16.3	12.4	301.2	99.2	90.3	5.338
1998	281	18	13	8.744	106.8	94.1	4.945
1998	282	13	10.3	-3.309	106.7	92.6	1.68
1998	283	18.1	10.8	4106	107.5	58.1	2.147
1998	284	21.4	8.5	10800	104.3	48.8	2.171
1998	285	20.6	4.1	8675	108.7	54	0.8504
1998	286	17.5	7.5	5656	107.7	77.7	3.369
1998	287	16	4.9	4115	105.9	65	3.443
1998	288	13.3	8.4	1866	90	59	2.866
1998	289	18.3	0.4	11640	109.3	48.9	0.8279
1998	290	21.1	2.1	7637	109.2	50	1.215
1998	291	25.1	8.6	7565	107.2	42.9	2.464
1998	292	22.2	10.4	11850	104.2	47.2	3.703
1998	293	14.9	5.9	12610	98.5	42.4	3.723
1998	294	12.3	3.9	5019	98.5	48.3	3.489
1998	295	8.3	1.6	123.4	94.2	60	2.614
1998	296	14.3	1.5	13310	101.1	42.7	2.954
1998	297	18.3	5	13190	81.8	29.5	2.669
1998	298	19.1	5.8	7990	80.2	35.4	1.864
1998	299	18.5	6.1	2152	98.5	43	0.8458
1998	300	16.5	7.8	7234	96.5	56.7	3.198
1998	301	21	10.8	2723	102.1	50.1	3.842
1998	302	14.2	4.6	9530	101.3	42	2.819
1998	303	16	-1.6	12150	107.3	33.1	1.672
1998	304	14.8	-1.1	13960	105.7	31.8	2.057
1998	305	13.1	2.1	2257	96.5	41.3	1.648
1998	306	11.1	3	4064	92.1	39.3	1.973
1998	307	8.1	-5.4	12580	105	45.2	1.018
1998	308	4.7	-6	9843	105.5	50	1.434
1998	309	4.8	-5.7	2.773	99.8	66.1	1.286
1998	310	4.6	-1	2202	90.3	56.3	2.178
1998	311	6.6	2.1	78.6	88.7	71.9	4.336
1998	312	6.9	3	-6.463	104.4	75.4	1.459
1998	313	8.8	2	50.01	107.3	64.5	0.7423
1998	314	9.8	3.3	0.7171	105	70.9	4.813
1998	315	14.6	6.6	12290	105.1	36.6	7.572
1998	316	9.8	-0.2	9923	86.8	35	3.646
1998	317	11.3	3	1605	72.1	43.4	2.932
1998	318	14.2	-2.2	5677	108.5	43	1.67
1998	319	13.5	4.9	2184	86.2	54.7	4.922
1998	320	11	-1.4	2214	102.9	55.7	1.835
1998	321	10.8	5.1	6.48	95.4	65.3	2.42
1998	322	9.3	0.2	7140	106.3	57	1.377
1998	323	11.7	2.8	1027	85.1	64	3.66
1998	324	11.3	4.6	-11.21	104.9	78.5	1.749
1998	325	5.3	0.5	12.03	96.7	69.9	5.56
1998	326	8.3	-5	10060	104.7	47	2.361
1998	327	18.7	-1.5	10290	88.5	34.3	5.398
1998	328	15.4	5.4	12310	83.2	30.6	6.648
1998	329	10.2	-3.8	5666	106.4	45.1	1.859
1998	330	11.3	6.2	3331	105.4	53.9	6.989
1998	331	9.2	3.5	6235	91.6	51.2	4.836
1998	332	18	3.8	11000	80.5	32.8	4.08
1998	333	18.5	8.8	864.3	77	52.1	2.169
1998	334	19.9	9.6	3052	80.5	32.5	3.936
1998	335	18.2	6.6	10840	96	35.8	7.524
1998	336	17.8	2.6	11610	78.9	23.3	3.479
1998	337	17.2	7.8	3399	80	28.8	4.275
1998	338	18.2	14.6	803.9	105.2	78.3	3.896
1998	339	20.5	12.8	4337	105.3	52	2.282
1998	340	20.9	12.2	1873	97.5	61.6	3.426
1998	341	20.1	10.9	-1.089	88.3	66.8	5.429
1998	342	11.1	5.1	-10.32	106.5	77.4	2.843
1998	343	7.5	-0.7	10580	96.4	48.8	2.746
1998	344	5.9	-4.7	2985	106.9	55.3	1.801
1998	345	5.1	-1.6	6258	87.1	52.3	3.658
1998	346	5.3	-4.2	475	101.2	52	1.569
1998	347	5.3	-3.5	763.3	98	52.7	1.03
1998	348	4.9	-4.6	11950	104	44.5	1.288
1998	349	9.7	-5.7	11480	102.4	31.1	1.913
1998	350	6	-2.4	3407	93.9	35.9	1.484
1998	351	3.3	-0.1	446	98.6	72.3	3.994
1998	352	1.8	-2.9	5172	104.8	51.3	4.655
1998	353	7.5	0.5	38.67	56.8	45.2	4.942
1998	354	7.1	3.7	1.14	105.7	52.3	1.414
1998	355	10.6	5.6	1490	98.3	78.5	2.831
1998	356	12.4	-8.4	2506	106	50.8	8.189
1998	357	-7.4	-12.2	7.145	88.3	57.5	2.531
1998	358	-1.9	-7.5	-0.9677	77.9	38.6	2.436
1998	359	-1.9	-9.9	-7.413	82.5	35.6	2.425
1998	360	3	-11.2	-8.571	93.2	35.6	2.543
1998	361	3.4	-11.2	-19.88	103.7	52.7	2.268
1998	362	2.6	-1.4	-6.843	106.5	65.2	1.71
1998	363	0.8	-3.1	-0.5184	110.5	96.4	1.323
1998	364	0.8	-10.3	1066	109.4	59.4	4.685
1998	365	-6	-11.7	1160	91.7	68.2	3.771
1999	1	-6.3	-10.5	3878	93.8	49	5.512
1999	2	-10.5	-15	-1.503	92.9	63.7	2.226
1999	3	0.6	-10.6	607.5	108.2	68.8	4.463
1999	4	-4.7	-11.9	2067	82.5	57.1	7.434
1999	5	-9.6	-15.5	10240	89.2	63.9	3.98
1999	6	-4.2	-18.2	369.8	95	63.7	3.506
1999	7	-0.3	-12.6	10300	101.3	56.4	6.175
1999	8	-6.1	-15.4	-2.989	103.8	79.2	1.708
1999	9	2.3	-6.5	136.3	108.3	76.5	4.072
1999	10	-5.3	-15.7	5000	102.9	63	3.28
1999	11	-5.3	-13.1	4114	97.2	51.8	6.514
1999	12	5.9	-10.5	3.853	103.3	76.9	4.035
1999	13	8.6	-7.1	-0.769	107.1	78.2	4.733
1999	14	-7.2	-12.7	-11.63	102.3	93.4	4.514
1999	15	-4	-9.3	256.5	107.9	80.1	4.596
1999	16	8.4	-8.1	9556	91.2	57.5	4.816
1999	17	10.6	-1.5	7482	100.2	30.4	3.101
1999	18	7.6	1.7	29.83	108.7	42.8	6.121
1999	19	4.7	1.2	12410	100.3	43.1	8.852
1999	20	5.7	0.9	2643	95.5	40	2.377
1999	21	3	-4.7	7.646	111.1	91.5	1.059
1999	22	4.2	0.6	-0.0432	110.9	108.4	2.005
1999	23	13	4.1	6.299	109.6	101.7	4.677
1999	24	13.1	1	-1.011	109.7	83.8	6.127
1999	25	1.8	-0.1	-10.61	108.5	76.9	4.327
1999	26	3.5	-2.6	4053	99.2	65.3	3.248
1999	27	5.8	-5.7	1022	108.3	68.4	1.012
1999	28	11.4	1.8	6538	97	55.4	2.776
1999	29	4.7	-1.8	3240	85.1	62.2	3.943
1999	30	2.6	-5.2	7348	101	56.7	2.585
1999	31	-0.1	-10.4	12990	99.8	31.6	2.715
1999	32	2.2	-7.9	1246	99.1	42.6	2.12
1999	33	3.8	0.5	3.188	109.9	99	2.262
1999	34	9.9	-0.3	10800	110.9	38.4	2.687
1999	35	8.9	3.6	1299	99.4	46.1	4.371
1999	36	4.4	-3.4	11460	93.2	39.1	4.906
1999	37	7	-2	11.27	95.2	50	3.123
1999	38	5.7	-2.9	-12.53	107.9	79.7	2.286
1999	39	1.2	-0.9	-7.716	110.6	90.3	2.211
1999	40	10.9	-5.5	5478	109.3	66.3	1.976
1999	41	10	0.3	13310	82.7	40.9	4.288
1999	42	12.2	-4.2	4920	103.3	41.5	1.112
1999	43	14.3	-1.8	1580	105.5	56.1	6.488
1999	44	-1.2	-7	2753	99.9	61.9	6.673
1999	45	1.2	-7.7	14670	88.3	46.3	4.54
1999	46	10	-7.8	12970	99.4	28.6	2.441
1999	47	15.1	-5	12140	97.3	25.9	1.676
1999	48	12.3	4.4	37.26	95.1	28.5	2.52
1999	49	5	-0.5	918.2	96.8	65.9	2.394
1999	50	2.3	-2.1	4612	80.1	58.3	2.594
1999	51	-1.3	-7.2	822.1	100.4	57.2	2.57
1999	52	-1.7	-7.7	2222	89.8	37.7	3.494
1999	53	-2.8	-12.6	16100	86.7	25.5	3.781
1999	54	-3.8	-14.7	2771	90.2	29.6	2.121
1999	55	-0.8	-8.4	4303	89.3	31	2.626
1999	56	-1.6	-9.2	322.7	104.3	76.5	1.228
1999	57	5.4	-4.6	13800	108.3	43.4	3.2
1999	58	4.8	-7.2	2480	105.7	51.1	1.397
1999	59	4.6	1.8	-5.167	107	60.7	2.099
1999	60	3.7	-1.4	14.86	108.5	74.2	5.303
1999	61	6.4	-1.9	11100	89.1	40.6	6.497
1999	62	11.4	0.7	-6.16	108.8	36.5	4.15
1999	63	7.4	-4.5	102.9	109.1	72.1	8.438
1999	64	4.7	-10.4	4801	102.5	44.3	1.851
1999	65	2.2	-1.5	-23.47	110.1	72.1	4.229
1999	66	2.3	-11.1	15460	104.2	40.7	5.021
1999	67	0.5	-18.1	16630	98.6	41.1	2.09
1999	68	-4.6	-8.9	0.959	92.5	57.9	2.951
1999	69	3.2	-6.6	509.3	105.5	32.9	3.13
1999	70	3	-9.9	13480	93.5	36.6	3.77
1999	71	3.4	-5	15120	80.3	43.3	5.024
1999	72	10.6	-7.9	13370	89.2	34.2	2.702
1999	73	1	-4.3	177	110.5	69.2	3.498
1999	74	5	-2.5	11230	110.9	33.7	4.409
1999	75	6.5	-5.6	14620	80.6	40.7	4.822
1999	76	16.5	4.3	7781	61.1	31.5	4.597
1999	77	16.4	2.3	3260	90.4	29.8	8.138
1999	78	2.8	0.2	1271	106.2	63.6	5.777
1999	79	9.4	-2.9	13280	90.7	32.1	2.768
1999	80	5.9	0	-20.04	110.1	40.9	2.625
1999	81	1.4	-1.4	1374	110.7	73.3	6.854
1999	82	7.1	-1.9	3492	90.2	41.9	4.594
1999	83	11.7	0.7	1774	100.9	48.1	2.054
1999	84	6	-3.2	10030	96.8	41.1	2.657
1999	85	8.1	-6.7	16420	102.7	37.6	1.962
1999	86	12.2	-4.5	14010	99.6	31.9	2.216
1999	87	16	-0.1	5829	80.1	29.2	2.433
1999	88	14.6	0.6	14180	70.4	26.4	3.664
1999	89	15.5	1.2	15860	68.4	21.2	3.552
1999	90	21.9	0.2	14080	77.4	16.8	2.45
1999	91	19	6.9	-5.288	106.5	20.7	1.485
1999	92	19.8	10	1029	110.4	63	1.276
1999	93	21	12.7	4029	98.2	64	3.865
1999	94	20.7	5.3	1194	109.8	74.3	3.894
1999	95	14	0.7	17790	97.8	24.9	3.5
1999	96	14.1	6.5	6901	91.1	29.5	3.575
1999	97	17.8	9.3	15610	79.8	30.5	5.693
1999	98	23.8	6.7	15510	79.9	24.6	3.977
1999	99	18.6	4	-20.02	108.3	36.6	3.543
1999	100	14.6	-0.4	17830	107.5	36.7	2.528
1999	101	10.8	1.4	-13.2	105.3	47.5	3.132
1999	102	11.9	3.7	8969	108.4	32.2	4.686
1999	103	13.3	-1.3	17890	92.2	16.8	4.723
1999	104	17.6	1	18700	77.8	19.4	5.335
1999	105	15.5	2.5	804.3	91.8	25.4	2.475
1999	106	12.7	3.6	4747	104.9	48	5.605
1999	107	7.2	3.6	17.29	100.8	71.3	6.41
1999	108	8.4	4.5	1019	97	66.5	5.313
1999	109	9.5	0.3	2074	102.7	60.8	2.696
1999	110	9.4	1.7	508.9	106.3	67.3	1.778
1999	111	11.2	0.3	115.1	107.8	62.9	1.921
1999	112	26.3	7	5443	107.8	31.3	3.056
1999	113	17.2	6.6	-10.16	108.6	84.6	3.668
1999	114	14.3	-2.3	18610	100.8	24.2	2.829
1999	115	16.1	-2.6	19270	99.8	23.3	1.75
1999	116	20.5	2.7	17180	83.8	27.2	3.944
1999	117	18.2	2	16450	83.1	23.1	2.755
1999	118	16.7	4.3	10580	81.9	32.1	3.547
1999	119	17.8	1.6	18770	94.8	23.1	3.817
1999	120	19.9	2.1	18900	88.1	28.6	2.499
1999	121	20.5	5	17280	86.2	26.1	2.731
1999	122	22.6	4.7	17480	85.9	18.7	3.806
1999	123	18.9	4	4560	85	28.9	3.236
1999	124	22.4	6.4	5503	101.9	39.4	1.525
1999	125	25.6	11.7	10630	99.2	40	3.216
1999	126	22.2	14.4	63.04	104	60.3	3.42
1999	127	21.4	13.5	1690	108.4	74.3	2.556
1999	128	20.1	14	3968	107	55.6	4.952
1999	129	17.6	11.8	2026	103.8	58.7	4.877
1999	130	23.5	3.3	17880	100.2	29.5	1.832
1999	131	24	6	17410	101.6	34.8	1.8
1999	132	25.5	9.4	11900	97.3	31	3.115
1999	133	19.5	8.8	-2.54	87.3	33.6	2.749
1999	134	18.8	8.3	8325	106.3	39.6	2.947
1999	135	20.9	3.9	18290	105.6	36.1	2.285
1999	136	19.9	8.2	14930	77.9	44.9	2.751
1999	137	22.5	11.5	14620	90.9	54.8	4.468
1999	138	21.6	13.9	5432	93.6	62.9	4.658
1999	139	21.2	13.9	3280	100.9	47.5	2.899
1999	140	22.1	5.7	18330	104.6	29.5	2.722
1999	141	25.9	4.3	12790	104.7	32.7	1.303
1999	142	26.2	7.2	6466	103.6	34.5	1.575
1999	143	20.9	14.6	1129	109.3	74	3.17
1999	144	19.5	10.8	2697	104.1	63.3	4.893
1999	145	14.3	7.8	1636	99	52.8	6.099
1999	146	15.3	10.3	2483	93.1	52.6	6.529
1999	147	20.2	8.5	18130	101.8	34.3	3.739
1999	148	25.1	6.4	13990	96.1	33.6	2.918
1999	149	28.1	9.4	13670	98.3	33.4	2.562
1999	150	29.8	11	16590	107.5	32.9	1.317
1999	151	28.3	12.3	10270	104.1	35.6	2.164
1999	152	25.3	18.5	1635	80.5	47.3	3.819
1999	153	25.7	17.7	4941	102	67.6	4.11
1999	154	19.1	16.1	1167	106.9	71.2	4.065
1999	155	22.2	8.1	16500	106.2	40.8	2.161
1999	156	24.2	7.5	12970	107.4	50.5	3.029
1999	157	28.5	16.1	10760	76.6	61.3	4.842
1999	158	30.9	16.8	6705	108	54.4	3.052
1999	159	29.9	21.8	15510	92.6	39.5	4.986
1999	160	31.4	15	17580	99.9	37.3	1.776
1999	161	29.7	16.6	120.5	104.8	46.3	2.232
1999	162	24	15.9	4368	105.4	58.6	2.007
1999	163	26.3	9.8	19350	102.6	26.6	2.218
1999	164	26.9	18.7	6404	97.3	53.6	3.213
1999	165	22.9	16.5	156.3	103.6	84.6	3.132
1999	166	20.9	10.2	6718	109.6	45.7	2.271
1999	167	19.5	7.7	3238	100.4	52.2	1.922
1999	168	15.2	10.3	-5.815	108.4	80	2.47
1999	169	20.7	4.1	13170	109.2	45.8	1.716
1999	170	21.9	6.9	8847	108.2	44	1.592
1999	171	20.2	11.8	6347	95.6	59	2.645
1999	172	23.5	14	6263	103.4	45.5	2.318
1999	173	25.9	9.4	16260	108.6	37.5	1.434
1999	174	25.9	10.8	13040	106.1	40.6	1.856
1999	175	25.4	17.6	5898	71	45.2	4.291
1999	176	27.9	18.7	6137	82.4	45.5	3.356
1999	177	31.7	17	9444	106.7	50.8	1.838
1999	178	29.7	21.1	4462	95.9	64.2	2.449
1999	179	27.8	21.9	1893	105.3	71.6	2.82
1999	180	26.1	20.4	3142	108.5	74.6	3.045
1999	181	24.3	10	11690	108.3	62.7	1.927
1999	182	27.3	17.2	4674	101.9	76.3	2.957
1999	183	27	21.6	1589	100.6	76.8	4.663
1999	184	30.2	18.7	7125	107.4	59.5	1.781
1999	185	31.9	21.3	6699	105.3	65.8	3.551
1999	186	32.3	23.7	9821	98.3	59.4	3.122
1999	187	31.5	22.8	10410	102.3	58.3	3.482
1999	188	28.9	17	18880	107.9	40.3	2.58
1999	189	25.9	14.1	15510	94.5	36.9	2.301
1999	190	31.1	13.3	7318	102.6	36.3	2.952
1999	191	29.1	19.2	4512	104.6	54.9	4.144
1999	192	23.1	8.5	18700	108.2	44.7	1.416
1999	193	22.7	9	8595	106.2	49.5	2.125
1999	194	25.2	13.6	10080	105.9	49.4	1.629
1999	195	25.6	16.9	9746	93.9	53.8	3.057
1999	196	30.4	13.8	11800	100.9	48.3	1.739
1999	197	32.4	15.9	10910	107.2	42.9	1.462
1999	198	32.4	17.8	3378	105.2	43.8	1.415
1999	199	32.3	16.7	6249	107.7	44.8	1.611
1999	200	29	18.9	1791	104.4	58.9	2.211
1999	201	26.5	19.3	3398	106.3	60.1	1.965
1999	202	26.5	15.5	396.4	107.6	66.4	1.729
1999	203	29.6	21.1	5424	108.5	66.7	2.892
1999	204	31.6	17.4	14430	109.3	38.6	1.393
1999	205	29.7	19.7	6588	102.5	62.4	2.154
1999	206	30.2	19	13050	103.8	42.5	2.096
1999	207	29.5	16.4	12140	109.5	49	2
1999	208	31	17.9	7658	103.1	47.6	1.738
1999	209	29	15	7980	107.7	58.2	2.069
1999	210	28.9	16.6	12800	106	51.4	2.65
1999	211	32.9	19.1	9206	103.4	41.4	2.068
1999	212	35.7	16.2	11250	109	36	1.687
1999	213	29.7	19.5	9222	109.2	42.4	2.078
1999	214	26.5	13.4	14350	106.2	44.4	1.686
1999	215	26	11.5	11530	108.3	45	0.8369
1999	216	28.7	10.3	13650	107.3	34.2	1.518
1999	217	25.4	15.7	7032	108.5	46.5	2.017
1999	218	27.3	11	14500	109.7	39	2.638
1999	219	28.4	12.3	11470	105.4	44.1	1.556
1999	220	26	18.6	2166	102.5	57	3.886
1999	221	22.6	11.1	17000	104.9	42.5	2.399
1999	222	25	11.1	6843	103.1	49	1.701
1999	223	27.1	13.8	7868	103.2	55.2	2.081
1999	224	23.7	13	2066	109.5	76.2	0.655
1999	225	32.7	15.3	2710	98.6	33	2.085
1999	226	28.9	19.3	4366	101	54.5	2.289
1999	227	23.8	16.2	3471	95.6	54.3	2.737
1999	228	27.6	10.4	16150	100.9	35.4	0.9688
1999	229	29.4	16.5	9371	93.4	33.9	2.323
1999	230	25.4	15.5	3343	106.1	47.5	1.69
1999	231	24.4	12.3	2965	101.7	50.2	1.129
1999	232	22	16.1	171.3	97.2	60.7	3.222
1999	233	19.3	13.5	118.2	101.6	73.3	2.039
1999	234	24.6	12.5	10610	103.5	40.5	1.194
1999	235	25.8	9.9	11310	103.5	41.3	1.501
1999	236	24.1	19.4	629.5	88.3	53.2	3.281
1999	237	21.7	18.4	404.6	91.3	71	3.911
1999	238	22.7	18	1518	100.4	76.2	2.658
1999	239	22.5	16.8	1154	104.7	68.5	1.307
1999	240	27	14.4	8400	106.6	53.5	2.102
1999	241	24.1	17.2	13920	99.6	25.6	2.547
1999	242	21.4	7.3	18260	98.6	29.8	3.267
1999	243	23.3	6.3	14400	102.1	37.3	1.039
1999	244	26.7	8.2	16100	104.3	27.4	1.288
1999	245	28.7	8.3	14110	100.4	34.1	1.045
1999	246	27.8	11.7	4600	104.8	47.6	0.8327
1999	247	25.6	15.3	2025	98.1	60.9	1.679
1999	248	22.7	19.8	10.88	97.7	73.8	4.138
1999	249	25.9	20.2	1535	96.4	66.4	3.552
1999	250	25.6	19.3	3445	101.4	60.5	2.439
1999	251	26.4	15.6	4834	106.4	51.1	1.263
1999	252	26.2	12.5	3533	104.8	57.8	1.134
1999	253	23.2	16.9	11990	93.4	33.4	1.835
1999	254	23.1	8.2	15510	104	32	2.006
1999	255	25.4	6.9	14110	103.1	32.9	1.367
1999	256	24.3	14.8	11740	74.9	46.3	3.058
1999	257	21.4	16.6	364.7	95.3	51.1	2.454
1999	258	19	13.3	397	103.5	52.1	1.59
1999	259	15.3	10.9	56.84	97.7	80	3.897
1999	260	19.8	9.6	15840	87.2	38	4.035
1999	261	21.2	5.1	15180	104	29.9	0.9915
1999	262	21.4	5.2	11580	106	51.7	1.933
1999	263	20.1	14.5	1852	95.4	62.6	2.954
1999	264	15.8	8.9	46.45	97.7	71.3	2.58
1999	265	15.4	2.6	15700	98.6	38.4	2.815
1999	266	21.4	3.9	15300	91.3	36.7	2.861
1999	267	23.9	4.3	11400	103.6	30.5	1.953
1999	268	20.3	9.1	15170	104.5	33.9	1.684
1999	269	22.1	5.2	12170	103.5	58.2	1.538
1999	270	18.8	16.5	18.44	97.2	74.5	2.984
1999	271	19.4	18.1	8.329	96.6	87.7	2.884
1999	272	19.5	17.6	5.106	98.1	88.3	3.87
1999	273	19.3	9.5	7098	102	39.8	5.026
1999	274	19.6	3.9	10780	99.5	36.1	2.448
1999	275	21.7	5.1	11990	104.8	36.6	2.069
1999	276	18.7	11.1	1179	95.3	55.5	1.895
1999	277	15.8	8.3	14.94	103.4	80.2	2.959
1999	278	12.3	5.4	5919	87.9	42.6	2.612
1999	279	16.1	0.9	7993	104.1	42.7	2.508
1999	280	13.1	-1.7	13650	100.1	28.7	1.211
1999	281	13.9	-0.2	2954	95.3	53.4	2.714
1999	282	17.5	11	91.39	96.6	71.5	2.807
1999	283	18.4	14.9	26.97	100	89.2	1.851
1999	284	18.5	8.6	13360	103.1	27.9	2.491
1999	285	17.5	1.2	13340	103.5	31.6	1.14
1999	286	20.1	10.6	4215	78.6	53.3	5.515
1999	287	17.1	4.9	12410	97.1	32.1	5.187
1999	288	16	-1.3	13640	102.1	41.5	1.732
1999	289	19.2	7.5	13680	91.8	53	2.99
1999	290	22.7	6.5	9586	106.1	47.6	2.23
1999	291	17.2	6.2	9854	86.5	36.1	3.858
1999	292	11.2	-1	2375	101.9	50.4	1.421
1999	293	11.7	6.6	975.1	102.4	56.6	2.931
1999	294	13.5	-2.2	10590	106.3	38.6	1.579
1999	295	13.7	5.3	738.7	96.3	51.7	4.898
1999	296	6.8	3	297.7	104.4	59.8	4.14
1999	297	8.6	3.2	1298	86	54.6	4.599
1999	298	13.2	0.7	8323	88.2	29.8	4.159
1999	299	17.5	1.8	5936	76.3	32.1	3.639
1999	300	10.3	-0.5	2805	89.4	50.8	1.546
1999	301	14.5	-3.6	9587	107	43.2	1.848
1999	302	23.1	0.8	10920	101.3	30.3	2
1999	303	21.8	3.3	10450	104	31.9	2.066
1999	304	22.1	5.7	4981	101.6	44	2.945
1999	305	20.4	5.5	5249	107.1	56.7	1.786
1999	306	17.6	12.6	5.789	97.2	69.9	4.92
1999	307	14.4	0	1135	88.5	57.3	7.709
1999	308	9.9	-0.9	13020	73.6	28.2	5.767
1999	309	17.6	1	9842	69.3	25.5	3.696
1999	310	16.5	11.5	5253	70.2	32.3	5.324
1999	311	11.5	1.6	9264	64.2	31.6	4.76
1999	312	11.9	-0.4	9554	86.7	26.7	1.636
1999	313	21.8	0.3	7664	84.4	40.4	2.728
1999	314	18.7	15.5	294.3	66.9	51.1	5.44
1999	315	17.1	0.3	11190	91.1	36.1	5.007
1999	316	8.6	-2.6	2543	83.6	44.8	2.999
1999	317	12.7	4.3	1568	90.8	61.5	2.395
1999	318	15.2	4.3	2566	99.1	38.9	4.754
1999	319	5.7	2.2	977.9	81.6	45.5	5.687
1999	320	2.2	-1.8	7068	79.8	44.7	5.438
1999	321	4.4	-3.1	8130	68.7	39.8	4.015
1999	322	9.2	-6.1	9349	96.4	29.1	1.47
1999	323	15.5	-1.8	10250	81.7	27.1	2.155
1999	324	11.9	7.8	117.4	92.8	35.8	4.396
1999	325	17.3	3.4	4896	107.6	65.9	1.361
1999	326	17.4	8.8	2782	101.6	73.4	2.57
1999	327	15.7	13.4	210.9	99.8	83.9	1.88
1999	328	16.1	12.6	1511	94.3	56.2	4.112
1999	329	13.2	4.5	12.54	102.1	55.4	2.576
1999	330	14.2	4.7	12.59	105	83.4	3.706
1999	331	12.1	3.1	10170	91.4	40.8	4.567
1999	332	8.7	1.3	8820	74.8	43.8	4.252
1999	333	3.5	-3.9	5298	98.7	44.6	3.696
1999	334	-0.7	-7.3	6473	98.6	48.8	2.341
1999	335	0.7	-9.7	11710	87.9	32.3	2.404
1999	336	7.1	-7.2	5592	87.1	21.2	1.281
1999	337	12.8	-2.6	2357	80.4	29.4	1.77
1999	338	12.5	6.7	241.3	88.7	34.3	3.07
1999	339	17.5	6.7	4723	99.1	55.6	2.689
1999	340	13.7	4.8	1741	105.1	52.5	3.029
1999	341	4.8	-1.6	518.5	87	65.5	3.68
1999	342	9.3	-7.3	10110	101.6	38.9	0.5863
1999	343	12.2	-4.1	8077	99.7	29	0.7296
1999	344	9.1	0.3	5.4	104.5	37.1	2.37
1999	345	5	0.5	9210	70.5	46.8	6.35
1999	346	8.5	-6	4733	96.2	29.2	1.785
1999	347	4.8	-0.9	7.076	104.4	35.3	1.608
1999	348	3.5	1.2	5.962	105.2	91	3.844
1999	349	5.7	2.3	582.3	100.9	84.8	2.673
1999	350	5.5	-1.3	339.4	101.8	49.2	6.288
1999	351	1.8	-3.8	5546	78	37	4.365
1999	352	2.5	-1.2	3569	82.7	59.7	1.314
1999	353	4.4	-4.2	5275	88.5	54.5	2.32
1999	354	4.1	1.3	7.672	103.2	61.6	2.56
1999	355	5.3	-4.2	102.7	106.2	42	4.339
1999	356	-1.2	-5.4	11390	68.6	27	3.985
1999	357	-0.9	-7.2	77.73	80.8	39.4	3.541
1999	358	-5.5	-11.1	2924	78.1	46.5	2.8
1999	359	-4.7	-12	7261	90.9	51	2.9
1999	360	-0.8	-7.4	196.9	82.4	38.8	6.396
1999	361	-2.9	-4.7	8.882	81	57.9	6.102
1999	362	-4.4	-12.6	526.4	91.6	58.6	3.413
1999	363	-1.7	-6.5	6674	88.2	53.1	6.02
1999	364	4.9	-2.9	13.67	81.3	55.3	5.854
1999	365	6.1	0	4466	105.8	50.4	1.753
2000	1	11.7	-6.9	8361	102.1	31.8	1.338
2000	2	15.9	2.5	4257	77.1	39.1	3.303
2000	3	15.8	12	727.2	92.3	55.2	5.017
2000	4	15.4	4.6	10.37	93.5	62.9	7.579
2000	5	4.5	-2.3	2320	89.1	53	5.474
2000	6	4.2	-7.7	10870	91	47.1	4.213
2000	7	3.9	-2.3	2172	85.4	44	5.236
2000	8	2.9	-4.4	7314	73.2	38	3.705
2000	9	8.2	1.7	2948	71.8	31.7	2.549
2000	10	7.2	2.1	211.3	103	64.1	3.8
2000	11	8.1	-0.2	1549	99.9	31	8.82
2000	12	4.4	-1.1	9153	73.8	32.8	6.456
2000	13	3.2	-5.6	250	98.1	36.6	3.647
2000	14	-5.7	-11.8	820	76.7	56.1	4.657
2000	15	-1	-11.5	3531	89.7	39.8	3.215
2000	16	8.2	-3.5	2563	66	44.1	6.916
2000	17	-3.5	-15.5	12870	58.7	20.5	5.423
2000	18	-8.6	-15.4	513.9	67.9	30.1	1.988
2000	19	-1.9	-12.2	547.1	94.7	58.6	2.697
2000	20	-1.6	-5.5	8.139	100.6	65.5	3.076
2000	21	-4.9	-13.7	1150	94.4	58.9	4.591
2000	22	-8.3	-16.1	9603	93.7	42.3	4.192
2000	23	-3.7	-9.9	11.3	91.7	50.4	1.657
2000	24	0.4	-7.5	10340	95.1	31.7	1.908
2000	25	-6.1	-11.1	15.43	96.8	54.1	2.693
2000	26	-3.7	-8.2	393	86.7	56.3	4.788
2000	27	-6.6	-14.6	9717	85.3	41.8	4.886
2000	28	-3.2	-12.6	12680	88.7	21.3	5.7
2000	29	0.8	-16.9	13960	94.8	22.7	1.284
2000	30	-2	-13	217.4	101.9	45	1.689
2000	31	-2.4	-6.4	253.8	104.4	66	5.379
2000	32	-3.1	-5.2	552.4	82.1	63.7	7.566
2000	33	-3.7	-8.9	10020	79.7	45	6.787
2000	34	-1	-10.6	11.02	99.7	44	2.26
2000	35	0.9	-5.3	7.5	103.3	77.3	2.154
2000	36	-0.1	-8.9	11410	90.1	55.9	5.969
2000	37	-0.5	-4.8	8554	77.5	47.5	6
2000	38	1.1	-5.6	12.18	75.4	51	4.957
2000	39	1.7	-16.6	12870	95.6	24.7	1.57
2000	40	10.3	-10.5	8387	92.6	28.5	4.266
2000	41	10.3	-2.2	3189	90.1	31.7	2.588
2000	42	8	-1	5.003	98	46.8	4.534
2000	43	0.1	-9.4	11160	85.8	31.2	2.409
2000	44	-2.7	-5.5	13	98	37.4	2.438
2000	45	3.5	-2.7	47.79	105.4	79.3	2.582
2000	46	1.1	-4.4	8399	90.7	54.4	5.437
2000	47	10.6	-2.4	4696	79.3	55.7	4.997
2000	48	0.9	-6.7	9751	73.3	32	3.548
2000	49	-1.4	-4.6	5.581	102.1	42.3	2.996
2000	50	0.3	-2.1	5.953	106.9	85	1.689
2000	51	-0.1	-3.9	496.3	96.8	66.6	5.029
2000	52	5.1	-2.7	11210	89.8	44.4	3.277
2000	53	10.8	-4.5	12360	94.2	32.2	1.894
2000	54	11.9	5.4	1890	59.5	45.9	4.161
2000	55	18.7	2	6528	95.2	36.9	2.252
2000	56	19.3	6.3	1878	105.3	47.3	2.061
2000	57	13	4.2	-1.356	105.9	81.1	2.792
2000	58	12.6	4.5	2561	104.5	77.2	3.429
2000	59	9.7	2.1	9538	102.3	29.6	5.853
2000	60	13.7	-3.8	12200	87.4	14.6	2.173
2000	61	8.6	-0.1	53.18	102.3	25.6	1.967
2000	62	9.9	-0.4	12.8	104.1	61	7.247
2000	63	7.1	-2.4	16250	80.1	18.8	5.65
2000	64	10.6	-5.2	11870	84.8	24.2	2.225
2000	65	12.4	3.2	16070	66.8	24.2	4.055
2000	66	13	-2.5	15740	91.2	23.2	2.266
2000	67	21.4	-2.8	11900	86.6	21	2.22
2000	68	24.7	13.6	8471	67.5	32.2	3.886
2000	69	22.3	9.3	3155	75.9	31.6	4.373
2000	70	15.4	5.7	37.86	82.1	52.7	4.099
2000	71	5.7	-0.7	10.26	104.8	76.8	2.161
2000	72	5.2	-0.1	2144	104.9	45.2	5.044
2000	73	7.3	-5.2	9394	81.4	37.2	3.101
2000	74	11.9	-1.6	3031	82	32.5	3.137
2000	75	19.4	-1.4	9087	89.7	23.7	2.799
2000	76	17.2	9.9	3.542	98.7	28.3	4.335
2000	77	10.8	-2.1	6667	104.1	37.9	4.988
2000	78	3.7	-8.9	15790	78.4	17.3	3.097
2000	79	3.9	-2.3	923.7	79.5	29.7	2.509
2000	80	6.2	1.4	1779	85.3	52.8	3.484
2000	81	5.6	1.9	5.512	105	57.8	3.797
2000	82	9.3	2.7	5.996	105.8	82.3	1.973
2000	83	12.5	1.5	544.8	106.8	59.4	1.078
2000	84	17.9	-1.2	12100	108.3	40.8	1.424
2000	85	21.5	8.7	4175	87.4	42.3	3.533
2000	86	16.9	4.2	6642	75.4	20.2	5.085
2000	87	14.7	-1.7	1609	99.5	25.1	3.338
2000	88	9.6	3	5927	101.6	45	2.847
2000	89	6.2	3.4	46.88	87.3	62.3	6.52
2000	90	9.5	1.9	2743	84.5	36.6	3.082
2000	91	13.3	-4.8	9283	94.9	21.8	2.231
2000	92	19.1	-3.8	15870	89.3	9.2	1.744
2000	93	16.5	8.9	1.607	97.9	22.3	3.796
2000	94	21.1	12	1633	104.6	55.9	3.154
2000	95	16.6	3.5	253.7	104	62.7	6.102
2000	96	7.5	-1.9	3297	98.9	32.1	6.485
2000	97	19.1	2.4	3456	63.8	19.5	7.526
2000	98	14.7	0.8	950.2	91.4	34.3	2.837
2000	99	17.8	4	1148	96.8	49.7	4.196
2000	100	5.6	-3.2	3904	103.6	36.6	7.725
2000	101	9.5	0.1	4158	101.6	21.7	6.744
2000	102	7.9	1.2	8.338	87.4	21.8	2.258
2000	103	6.9	0.9	335.5	105.6	38.7	3.626
2000	104	9.5	-5.1	5182	95	24.2	2.063
2000	105	16.5	2.9	15830	59.3	40.1	3.775
2000	106	22.3	9.6	3256	77	47.9	3.867
2000	107	25.2	8.3	3106	105.7	23.4	2.922
2000	108	21.4	5.6	10.52	102.8	46	4.222
2000	109	5.6	3.2	12.09	102	88.5	4.219
2000	110	15.4	4.2	1508	103.6	65.3	1.558
2000	111	16.9	6.3	136.9	102.1	65.2	2.083
2000	112	15.6	9.1	21.39	100.1	70.4	4.864
2000	113	10.1	6	9.893	102.1	84.7	2.678
2000	114	9.8	4.6	14.48	98.3	62.8	3.462
2000	115	19.4	1	12920	101.6	26.4	2.025
2000	116	16.2	4.7	13550	71.2	29.4	4.011
2000	117	12.4	-0.7	1752	87.6	41	2.755
2000	118	10.9	4.5	1716	92.1	61.3	3.602
2000	119	16.3	5.2	15380	95.6	27.6	2.854
2000	120	20.5	1.7	12010	98.4	22.1	2.226
2000	121	18.4	6.3	13150	69	10.8	3.129
2000	122	23.4	1.2	2500	71.3	13.1	3.61
2000	123	18.6	9.3	3469	102.8	31.9	3.629
2000	124	22.6	3.1	16600	89.4	27.4	2.326
2000	125	25.8	13.1	3578	83.7	34.8	4.765
2000	126	27.7	13.1	1329	102.1	35.7	2.879
2000	127	28.9	13.7	2177	105.6	34.8	2.987
2000	128	29.6	13.8	3890	100.2	30.6	3.012
2000	129	28.6	15.1	3021	94.4	33.9	2.741
2000	130	30.1	17.3	1855	82.2	40.9	3.774
2000	131	25.9	12.1	817.4	94.9	43.4	5.138
2000	132	23.2	8.9	3754	81.6	24.5	3.839
2000	133	28.5	12.8	295.3	80.9	33.9	2.599
2000	134	27.8	15.6	553	88.4	40.7	3.875
2000	135	17.5	7.8	4139	93.5	31.2	4.202
2000	136	15.3	1.8	3923	89.2	25.2	2.734
2000	137	19	0.5	3515	93.2	26.2	1.353
2000	138	21.7	6.6	628.1	80	30.5	2.978
2000	139	27.2	16.8	734.5	80.2	30.5	6.941
2000	140	24	11.5	19.5	104.6	45.5	3.416
2000	141	11.8	8.7	19.4	106.1	89.7	2.643
2000	142	18	10.2	41.07	104.3	61.4	1.532
2000	143	15.7	12.2	562.4	104.2	82	2.326
2000	144	15.5	13	14.2	98.3	82.7	4.513
2000	145	24	11.8	1749	106.6	43.7	3.627
2000	146	20.1	12.1	3876	106.2	34.8	4.601
2000	147	20.5	7.3	8105	93.1	34.1	3.041
2000	148	18.2	10.3	185.2	96.3	44.8	1.058
2000	149	13.8	8.4	26.28	107.1	70.3	1.857
2000	150	16.9	9.6	2966	101.3	59.1	2.354
2000	151	18.2	5.7	2911	104.6	52.3	2.345
2000	152	24.5	10.5	4045	85.3	52.1	3.182
2000	153	28.2	15.7	1586	100.5	49	2.73
2000	154	28.8	16.9	2155	103.5	46.9	4.398
2000	155	20.6	10.8	2120	96.2	40.6	2.974
2000	156	20.5	6.9	1169	100	43.8	2.078
2000	157	17.6	12	16.49	102.3	69.6	3.561
2000	158	13.4	10.3	14.09	101.5	79.2	3.582
2000	159	22.6	7.7	4735	96.8	35.9	3.202
2000	160	24.4	11.6	5686	95.5	31.3	2.528
2000	161	28.6	16.6	7750	71.4	38.2	3.788
2000	162	30.2	15.7	4759	90.8	34	3.332
2000	163	30.3	19	3147	84.3	48	3.573
2000	164	24.4	19.3	8.692	99.8	69.6	1.99
2000	165	21.8	18.1	38.33	105.8	82.8	3.238
2000	166	20.2	16.8	21.31	102.9	90.4	3.453
2000	167	22.4	16.3	164.1	104.2	83.4	5.579
2000	168	28.2	19.1	2214	95.4	66.4	5.392
2000	169	25.3	20.9	837.4	90.7	58.8	4.02
2000	170	22.9	17	54.9	98.1	66.5	1.811
2000	171	24.1	12.5	10280	90.5	44.5	2.437
2000	172	26.4	10.8	16880	105.4	38.3	1.551
2000	173	27.4	18.9	3773	104.3	52.6	5.319
2000	174	25.7	17.3	5239	103.7	40.5	3.864
2000	175	25.7	13.9	7833	95.7	41.8	1.755
2000	176	27.7	12.7	2276	103.6	46.4	2.007
2000	177	27.9	22	4592	86.3	56.2	5.681
2000	178	27.3	20	4122	101.2	56.4	2.722
2000	179	25.9	20.3	1331	93	60	3.087
2000	180	24.3	12.2	4717	104.1	43.3	0.9779
2000	181	22.6	13.8	2380	104	46.5	1.881
2000	182	23.1	11.2	5433	94.8	39.2	2.509
2000	183	25.6	9.6	15650	103.8	36.4	1.259
2000	184	26.3	10.9	3335	101.3	37.3	1.402
2000	185	24.4	14.8	293.7	100.4	53.2	1.803
2000	186	26.7	18.3	1555	105.1	63.6	1.932
2000	187	27.1	14.3	9841	104.6	34.6	1.621
2000	188	24.8	11.5	7863	102.4	40.7	1.126
2000	189	22.5	11.5	10920	103	35.4	2.074
2000	190	23.1	7.8	6362	100.3	36.1	1.452
2000	191	26.5	10.6	5474	102.3	51.2	1.95
2000	192	25.3	19.5	1110	101.7	54.1	2.644
2000	193	26	16.1	1488	93.2	32.7	1.859
2000	194	25.7	10.4	11960	94.2	29.5	1.749
2000	195	22.6	12.2	4144	93.6	52.7	2.731
2000	196	26.7	17.6	5338	88.5	42.4	2.412
2000	197	24.2	15.5	976.1	97	52.6	2.175
2000	198	24.4	14.1	3209	100.9	53.8	2.056
2000	199	24.8	14	3151	101.6	56.1	2.09
2000	200	26.3	17	11710	98.2	39.1	3.766
2000	201	22.2	11.9	133.3	98.9	51.2	1.522
2000	202	23.9	14.6	9406	99.7	37.3	1.903
2000	203	24.5	11.1	6619	94	42.6	2.711
2000	204	22	10.3	6435	102.3	44.3	2.109
2000	205	23.5	9	7607	101.2	38.2	1.352
2000	206	20.8	11.3	156.7	98.2	65.3	1.352
2000	207	23.8	14.2	3275	99.6	48.6	1.558
2000	208	21.8	13.3	691.4	98.9	63	2.554
2000	209	27.8	15.6	8129	99.5	46.5	1.913
2000	210	26.1	14.8	3962	102.6	62	2.171
2000	211	21.7	15.1	49.96	102.1	76.1	NA
2000	212	27.8	18.8	1203	99.2	62.2	NA
2000	213	28.2	19.9	1999	98.7	59	NA
2000	214	27.3	19.5	4404	97.9	63.2	NA
2000	215	28.1	18	5916	101.7	55.4	NA
2000	216	25.7	17.6	1014	102.4	70.7	NA
2000	217	25.4	17.2	4113	101.3	44.3	2.086
2000	218	24.5	9.8	18270	101.4	35.3	0.7915
2000	219	22.7	11.7	319.9	98.3	58.3	3.219
2000	220	27.4	20.2	3473	97.3	58.9	3.905
2000	221	26.8	19.8	4622	96.7	51.3	2.434
2000	222	26.8	21.3	1839	86.2	63.2	2.926
2000	223	27	19.8	8966	93.3	41.8	2.308
2000	224	25	13.7	9598	101.3	46.1	1.401
2000	225	22.5	11.4	6287	102.2	51.3	1.772
2000	226	23.1	12.4	3182	101.7	53.8	1.8
2000	227	25.6	14.2	9275	100.3	43.5	1.208
2000	228	27.1	14.4	6124	97.4	53.4	1.845
2000	229	24.1	19.8	12720	91.9	40.5	3.458
2000	230	19.7	10.7	2110	93.9	53.4	2.237
2000	231	17.7	12.9	103.5	94.8	74.4	0.839
2000	232	22.2	10.2	10020	101.4	37.2	2.036
2000	233	22	7.4	17860	99.9	32.8	1.334
2000	234	22.9	5.7	16210	99.8	36.5	0.9165
2000	235	25.1	8	9367	99.2	49	1.67
2000	236	22.8	18.2	404	93.3	57.6	3.484
2000	237	28.2	16.6	5853	101.1	34.1	0.9852
2000	238	26.4	10.3	13730	101.5	34.2	0.8271
2000	239	26.8	10.7	11950	101.8	33.5	0.9958
2000	240	22.6	14.4	81.23	95.6	65.1	1.016
2000	241	24.6	15.8	2816	101.8	62.6	2.06
2000	242	23.1	17.2	779.5	98.1	71.2	2.535
2000	243	24.6	18.1	2227	94	65.4	2.337
2000	244	25.8	17.8	930.2	101	70.2	2.227
2000	245	26.9	21	391	95.6	71.9	1.878
2000	246	28.4	19.6	3103	101.4	60.3	1.435
2000	247	29.5	17.9	5363	101.6	54.6	1.301
2000	248	26.4	16.9	2690	101.7	52.2	2.162
2000	249	17.8	5.9	18480	95.5	32.2	3.355
2000	250	19.4	3.7	17910	98.2	35.4	1.908
2000	251	22.1	7	17340	100.1	41.5	2.051
2000	252	24.9	8.8	7657	100.2	50.7	2.409
2000	253	27.6	12.3	4241	102	54.8	0.8583
2000	254	28.1	14.4	2677	102.1	53.3	1.434
2000	255	24.2	19.3	527.8	97.1	61.5	3.744
2000	256	27.3	20	3516	93	61.4	4.768
2000	257	24	14.8	15360	100.9	33.7	1.822
2000	258	23.6	7.2	10420	101.1	51.2	1.811
2000	259	20.7	10	4225	97.5	48.6	3.235
2000	260	15.6	7.8	6520	95.8	40.8	2.639
2000	261	20	3.7	15940	98.4	36.1	2.889
2000	262	22.2	7.5	5219	93.9	44	1.537
2000	263	18.5	-10000	11.56	94.5	58.2	1.079
2000	264	27.9	8.1	11400	101.7	31.9	2.058
2000	265	24	11.7	4547	81.1	45.6	6.84
2000	266	19.7	3.5	15420	100.7	41.6	1.278
2000	267	23	14.4	3052	94.3	57.6	2.916
2000	268	19	12.9	113.5	101.5	81.4	1.884
2000	269	12.9	5.8	170.8	101.4	63	2.06
2000	270	11.2	6.4	369.9	97.1	75.7	2.765
2000	271	18.6	1.7	13870	102.5	43.4	1.945
2000	272	13.3	4.8	1836	102	63.3	1.465
2000	273	15.7	-1.1	13280	102.7	32.5	1.12
2000	274	19.1	1.7	12280	98.4	48.3	2.108
2000	275	20.6	4	8940	101.4	50.4	1.466
2000	276	22.5	6.1	7607	101.9	49.9	1.708
2000	277	24.6	14	3364	94.1	41.1	3.46
2000	278	26.1	9	2441	98.7	50.6	1.841
2000	279	17.9	11.3	10.35	99.7	74.3	2.054
2000	280	17.6	11.3	1019	100.7	64	3.725
2000	281	11.3	4.9	5665	96.7	38.9	2.982
2000	282	7.1	1.3	2385	86.3	58.4	3.432
2000	283	4.5	-0.9	436.3	99.3	72.1	1.704
2000	284	11.3	0.4	1202	101	54.6	2.576
2000	285	18.1	5.3	13630	74.2	26.5	4.091
2000	286	20.3	1.4	14540	93.3	20.4	1.685
2000	287	21.5	1.6	12220	94	23.6	1.812
2000	288	23.5	4.5	10980	92.1	22.3	1.977
2000	289	19.7	10.3	904	82.5	34	1.232
2000	290	20.6	11	2123	95.9	47.1	1.264
2000	291	14.4	10.3	-1.296	97.2	78.1	3.233
2000	292	17.4	11.4	1288	100.5	51.8	3.442
2000	293	16.4	7.2	11020	88	36.8	2.835
2000	294	21.1	1.9	11560	98.4	37.7	1.342
2000	295	23.1	5.2	11330	100.8	30	2.278
2000	296	16.2	5	14650	85.3	24	1.558
2000	297	17.2	-1.4	12920	94.5	31.4	1.573
2000	298	13.9	6	12.29	98.4	42.4	1.433
2000	299	20.3	10.2	2358	100.7	58.9	1.096
2000	300	20.5	9.2	5438	100.7	56.4	1.46
2000	301	23	8.6	6352	98.6	49.6	1.418
2000	302	18	6.5	13280	100.7	29.5	2.953
2000	303	11.2	-3.2	14380	86.4	23.7	2.99
2000	304	14.7	0.2	14020	73.7	20.3	3.081
2000	305	12.7	-2.9	13650	91.1	28.8	2.149
2000	306	15.1	-2.7	13760	96.8	27	1.28
2000	307	20.7	-2.6	12120	96.8	17.5	1.121
2000	308	17.4	2.2	178.3	87.6	30.8	0.851
2000	309	14	4.7	1065	98.4	43.9	2.147
2000	310	10.1	2.7	5807	75.1	33.3	2.685
2000	311	13.2	-5.4	13800	97.5	24.1	0.9375
2000	312	13.5	-1.9	4344	81.9	33	1.548
2000	313	18.8	5.4	1769	77.5	44	1.081
2000	314	16.9	12.3	4.13	95.9	59.5	2.888
2000	315	14.4	6.4	3.275	98.6	77.9	6.394
2000	316	8.2	5.6	6.411	86.4	70.2	5.244
2000	317	5.6	2.2	22.64	92	76.3	2.759
2000	318	7.6	2.3	71.97	93.1	73.4	1.76
2000	319	7.6	0.3	4945	98.5	44.1	3.559
2000	320	1.7	-0.2	196.2	76.1	63.6	5.711
2000	321	4.6	-5.4	379.1	93.8	50	2.881
2000	322	6.6	0.5	12.44	77	51.3	5.936
2000	323	0.7	-1.1	1543	75.8	53.9	5.342
2000	324	1.5	-4	2296	75.8	47.6	3.778
2000	325	1.4	-5.8	1735	95.2	56	3.514
2000	326	-2.4	-5.1	569.1	88.4	57	7.612
2000	327	-3.8	-8.4	4743	94.4	47.8	7.557
2000	328	-1.2	-10.2	8262	89.6	38.8	3.283
2000	329	2.4	-7.1	8430	85	32.1	1.629
2000	330	0.8	-4.7	45.1	81.2	45	2.164
2000	331	7.6	-0.5	40.09	101.4	81.4	3.023
2000	332	6.8	3.9	8.294	95.9	80	4.184
2000	333	4.9	1.2	251	91.7	64.3	4.878
2000	334	5.7	0.7	2806	96.5	56.5	2.498
2000	335	2.1	0.5	618	99.4	59.8	4.528
2000	336	2.4	-0.9	1603	89.3	50.6	2.613
2000	337	-0.3	-8.2	9316	86.3	44.7	1.982
2000	338	1.7	-12.4	11930	94.2	32.8	0.7448
2000	339	4.8	-12.5	11410	94.3	23.4	0.8048
2000	340	2	-4.2	833.9	91.9	28.4	5.269
2000	341	-4.2	-8.3	2699	73.6	45.8	4.462
2000	342	-3.8	-8.7	2004	80.7	46.4	5.372
2000	343	0.5	-5.1	60.35	97.8	69.4	2.082
2000	344	0.6	-9	3713	80.2	42.8	3.018
2000	345	-0.1	-9.3	425.9	84.8	56.2	2.584
2000	346	2	-0.9	35.99	88.1	75.6	2.11
2000	347	4.9	-5.4	2579	96.5	48.2	8.504
2000	348	-4.3	-11.9	3128	91.3	55.5	2.254
2000	349	2	-5.9	39.73	99.7	48.5	3.552
2000	350	0.2	-4.5	910	89.2	63.2	2.732
2000	351	3.3	-2.2	30.78	99.1	67	2.926
2000	352	9.4	-5.9	8.225	99.9	68.2	6.497
2000	353	-5.9	-10.3	5212	81.8	57.1	7.002
2000	354	-4.5	-10	85.47	98.5	68.7	1.324
2000	355	-5.3	-12.9	3108	98.6	63.6	6.063
2000	356	-3.8	-13.8	804.4	96.1	53.5	1.704
2000	357	-3.5	-14.7	3932	96.2	49.5	4.726
2000	358	-7.4	-16	6035	81.6	55.9	4.852
2000	359	-1.9	-11.7	1108	84.4	52	3.505
2000	360	-6.8	-11.2	6690	72.1	45.6	6.154
2000	361	-7.2	-12.5	5613	79.5	55.1	4.375
2000	362	-5.3	-11.3	311	83.9	64	4.342
2000	363	-6.5	-12.5	8560	87.1	55.7	4.667
2000	364	-7.8	-15.1	351.3	93.8	68.7	1.493
2000	365	-4.8	-10.7	1604	92.1	58.3	2.469
2000	366	-4	-8.6	2892	87.1	55.1	7.453
2001	1	-3.3	-6.4	1250	80	59.6	5.173
2001	2	-4.1	-11.4	9625	83.7	42.5	3.29
2001	3	-3.9	-9.7	8268	81.5	48.6	4.88
2001	4	-2.1	-6.3	766.4	82.6	52	5.253
2001	5	0	-8.7	61.03	93.6	74.3	4.295
2001	6	0.3	-3	566.3	96.4	61.1	4.628
2001	7	4.3	-3.8	3489	88.1	57.5	2.693
2001	8	2	-5.4	72.36	98.2	76.1	0.9025
2001	9	-0.1	-11.5	5279	83	51.6	4.876
2001	10	1.5	-7.3	10250	72.3	45.1	7.995
2001	11	5.4	-1.3	8618	75.9	44.7	4.384
2001	12	2.7	-6.1	8442	96.2	60.6	1.601
2001	13	4.4	-9.7	7576	98	50.1	0.9298
2001	14	2.6	-6.9	202.7	101.8	71.6	0.6715
2001	15	2.7	-0.5	43.17	99.1	70.9	1.209
2001	16	2.9	0.2	32.5	100.3	75.2	5.158
2001	17	0.7	-1.4	39.31	95.9	71.5	4.086
2001	18	-0.2	-1.5	41.44	92.6	74.2	2.396
2001	19	0.7	-0.8	55.73	100.3	90.6	1.691
2001	20	0.2	-4.4	41.8	100.8	82.3	4.139
2001	21	-4.4	-10.2	10510	99.7	61.2	4.32
2001	22	-1.5	-9.6	621.1	87.6	60.1	2.348
2001	23	3.3	-18.5	9433	100.3	47.8	0.9279
2001	24	3.3	-4.4	3818	84.8	57.9	2.708
2001	25	0.5	-4.8	10060	76.6	39	4.34
2001	26	3.4	-11.4	8072	92.8	37	2.059
2001	27	0.7	-2.3	924.1	95.3	49.3	5.4
2001	28	-1	-7.4	10720	75.5	47.1	5.572
2001	29	0.8	-13.2	316.7	96.1	50.9	0.73
2001	30	8.4	-0.6	2508	96.2	55.9	2.885
2001	31	6.8	1.3	19.25	97.2	64.8	4.354
2001	32	1.9	0.5	37.47	88.6	71.9	4.265
2001	33	2.1	-6	1471	95.8	53.4	4.674
2001	34	-3.9	-9.4	8799	77.3	45	5.182
2001	35	2.3	-7.7	1013	76.2	41.9	1.565
2001	36	5.6	-1.5	2509	88.5	51.8	1.815
2001	37	4.7	0.4	269.7	93.1	57.8	5.412
2001	38	3.4	-0.3	4195	86.2	50.8	3.891
2001	39	7.3	-4.6	3105	92.2	47.7	1.61
2001	40	12.1	2.4	456.1	94.7	52.2	2.91
2001	41	14.8	-3.7	11000	87.6	35.6	10.06
2001	42	-2	-8.5	12070	65.2	30.9	4.005
2001	43	2.5	-8.3	11190	80.6	37.3	3.281
2001	44	7.4	-0.4	2769	81.6	47.9	2.793
2001	45	9.3	1.9	28.43	97.8	71.1	2.524
2001	46	11.3	1.8	35.04	101.1	67.1	1.711
2001	47	3.7	0.1	28.44	100.3	75.1	1.837
2001	48	3.7	-7.2	6396	100.6	35.2	5.949
2001	49	-3.2	-9.6	8521	80.1	38.4	4.985
2001	50	5.3	-7.5	4443	57	30.3	4.403
2001	51	11.1	3.6	375.6	70.9	35.9	4.832
2001	52	8.8	-6.5	10610	79	30.8	6.18
2001	53	-6.5	-12.3	41.04	88.3	35.8	2.049
2001	54	1	-9	2073	94.4	51.2	4.774
2001	55	-1.2	-10.6	333.8	88.9	42.8	2.215
2001	56	11.9	-1.9	6488	97.3	50.6	4.377
2001	57	11.4	0.2	4904	97.5	49.8	6.924
2001	58	5.8	-4.4	6848	91.2	49.8	3.531
2001	59	2.3	-5.7	15110	65.7	33	4.131
2001	60	2.4	-7.1	4197	65.2	33.4	4.785
2001	61	3.9	0.3	102	81.5	41	5.681
2001	62	5.3	0.3	691.7	87.8	52.5	3.595
2001	63	1.8	-2.8	11.85	102.9	63.9	3.815
2001	64	0.4	-5.8	2231	102.7	48.6	4.627
2001	65	-0.7	-12.1	54.42	87.9	51.4	4.21
2001	66	5.1	-3.1	9504	94.1	45.9	4.604
2001	67	5	-2.2	1400	89	48.6	4.194
2001	68	1.9	-5.7	1672	101.2	58.1	4.468
2001	69	1.1	-4.5	4809	98.4	48.7	4.227
2001	70	6.7	-6.9	497.6	90	38.4	3.916
2001	71	7.5	-9.3	11270	96.2	34.4	2.439
2001	72	9.6	0.8	1962	99.9	34.9	4.218
2001	73	6.6	-0.1	5458	96.4	42.4	7.392
2001	74	7.5	-2.7	66.9	93.4	44	0.9948
2001	75	5.6	-0.4	74.55	101.2	61.8	2.116
2001	76	4.6	0.1	35.12	101.7	73.3	2.204
2001	77	6.3	-2.8	15430	78.1	21.4	4.96
2001	78	9.7	-5.7	16870	80.7	24.1	1.565
2001	79	8.9	-4.9	7115	78.4	25.2	2.762
2001	80	7.4	0.2	4.026	101.1	29.1	4.863
2001	81	4.9	0.2	66.48	101.6	65.7	4.111
2001	82	8.9	-0.3	11270	74.3	26.5	6.002
2001	83	6.6	-1.1	3911	87.2	30.1	4.847
2001	84	-0.2	-4.7	3183	89.2	48.3	3.756
2001	85	-2.6	-8.5	7293	96.5	34.7	4.245
2001	86	0.6	-11	4323	92.4	48.3	3.165
2001	87	8.5	-7.4	12380	87.9	28	1.854
2001	88	6	-0.4	161.2	94.8	35.8	3.364
2001	89	6	0.7	37.57	101.3	72	3.787
2001	90	7.8	-0.3	163.3	94.3	60.1	1.498
2001	91	8	1.1	1654	91.6	65.5	2.519
2001	92	7	1.7	1171	98.2	52.3	3.776
2001	93	10.6	-2.4	2556	100.2	45.4	2.323
2001	94	13.2	-3.2	14130	103.8	29.1	1.38
2001	95	16.6	-3.2	15830	91.2	20.9	1.653
2001	96	18	6.6	57.25	100.3	30.4	3.302
2001	97	18.5	9.7	-0.6394	96.2	78.4	2.799
2001	98	18.3	5.6	3812	100.3	62	2.916
2001	99	26	8	4419	99.3	38	3.503
2001	100	18.1	5.9	13.03	96	68.8	2.835
2001	101	12.8	8.4	0.1814	99	74.9	1.959
2001	102	21	8.3	4051	100.3	66.2	3.067
2001	103	22.4	11.5	14540	75.6	24.6	6.291
2001	104	18.2	0.3	13100	93.9	26.3	3.173
2001	105	16.4	5.1	2641	93.6	37.1	2.027
2001	106	9	4.5	1143	99	61.1	3.397
2001	107	7.8	-0.5	233.9	94.1	70.4	4.699
2001	108	5	-1.2	4555	87.5	34	4.778
2001	109	11.8	-4.9	9195	93.4	29.4	1.928
2001	110	12.3	-1.3	63.94	98.7	31.5	1.201
2001	111	16.5	6.3	403	100.8	66.1	2.98
2001	112	24.3	12.8	2144	88.6	51.7	3.892
2001	113	29.3	10.7	9487	102.2	28.8	2.42
2001	114	26.2	9.2	3731	79	38.3	6.811
2001	115	12.8	2.9	11200	66.9	21.8	3.372
2001	116	18.1	-1.4	17910	86.5	14.8	1.414
2001	117	21.1	2.4	5866	83.4	16.4	2.617
2001	118	18.6	4.1	17570	68.1	11.4	2.872
2001	119	19.1	-2.4	16640	80.1	11.5	1.242
2001	120	25.5	1.6	16580	73.5	12.9	1.88
2001	121	28.3	6.9	15330	83	13.9	1.875
2001	122	27.7	10.4	8041	78.2	18.2	2.211
2001	123	30.1	11	11200	90.2	22.4	1.477
2001	124	30.2	12	7990	88.3	23	1.514
2001	125	25	11.8	5948	84	22.2	3.623
2001	126	18.3	4	17120	66.1	21.7	3.326
2001	127	18.4	6.4	19180	68.3	18.9	3.052
2001	128	18	9.1	4497	83.4	27.4	4.272
2001	129	23.7	11.7	10100	100.3	24.5	1.989
2001	130	25.1	6.8	8813	97.4	24.1	1.756
2001	131	27.3	7.3	12350	93.6	24.2	2.33
2001	132	21.1	11.9	835.4	99.4	51.7	3.401
2001	133	17.6	6.1	17130	83.2	17.7	3.058
2001	134	15.1	0.6	7842	89.6	27	2.232
2001	135	20.6	-0.2	15330	102.3	17.1	1.724
2001	136	21.5	1.4	15720	84.6	26.4	2.278
2001	137	17	10	4.916	90.6	42.8	5.25
2001	138	20.5	10.9	362.3	97.4	68.5	3.095
2001	139	25.4	12.2	6902	101	22.4	1.771
2001	140	22.8	8.6	1647	97.6	32.9	2.732
2001	141	14	10.9	-1.037	95.7	87.1	3.622
2001	142	20.6	11.9	1402	97.7	73.4	2.692
2001	143	21.7	8.2	15230	99.3	28.6	1.982
2001	144	22.4	6.2	9986	99.3	33.9	2.394
2001	145	20.1	13.7	41.61	96.9	45.7	3.975
2001	146	17.8	12.1	1269	101.5	75.4	3.068
2001	147	18.2	7.4	3537	101.2	50	3.105
2001	148	17	7	3596	100.7	56.5	3.489
2001	149	19.3	9	5147	96.5	51	2.633
2001	150	15.7	5.4	14050	96.2	24.4	3.946
2001	151	19.5	2.7	13150	79.8	26.7	2.455
2001	152	16.2	5.3	599.5	96.6	48.6	2.809
2001	153	19.7	11.5	4317	100.7	51.7	2.786
2001	154	18.5	11	3616	100.1	57.4	4.193
2001	155	19.6	9.3	7141	92.8	41.8	3.181
2001	156	23.1	8.5	13370	98.9	35.3	1.634
2001	157	20.2	14	81.41	88.8	49.3	1.098
2001	158	23.8	14	10890	98.8	29.8	1.804
2001	159	23.8	9.6	12330	99.9	25.8	1.606
2001	160	24.1	7.2	16300	94.7	20.9	1.736
2001	161	24.8	8.3	5938	91.1	28.1	1.41
2001	162	25.5	14	4397	93.6	46	3.06
2001	163	28.1	12.6	4851	99.8	56.7	1.774
2001	164	29.6	14.2	11720	101.1	45.8	1.365
2001	165	29	17.1	6970	98.7	52	2.03
2001	166	26.5	18.2	3315	97.8	64.4	2.591
2001	167	27.9	19.1	1525	98.7	54.6	1.965
2001	168	26.6	13.6	15710	97.1	33.7	2.478
2001	169	27.2	12.6	18160	93.8	37.2	1.418
2001	170	30.1	14.4	16310	93.4	29.4	3.077
2001	171	29	15.7	10090	96.2	40.8	2.842
2001	172	25.8	17.7	1598	99.6	55.7	2.334
2001	173	23.5	18.5	338.2	98.4	71.1	4.39
2001	174	19.1	14.9	22.6	99.3	74.8	2.245
2001	175	24.2	10	10610	100.6	39.8	1.35
2001	176	27.1	11.6	15620	100	36.3	1.216
2001	177	27.5	12.7	16190	99.1	37.1	1.11
2001	178	30.8	14.9	12130	99.6	41	1.133
2001	179	29.8	17.8	6336	97.6	43.6	1.36
2001	180	30.1	17.3	7963	98.9	41	1.244
2001	181	28.3	18.4	4302	98.2	54.5	2.536
2001	182	26.6	18.1	2920	97.4	60.7	3.67
2001	183	22.8	6.7	20490	91.5	30.4	3.002
2001	184	23.5	7.4	9678	99.3	42.6	1.954
2001	185	25.3	14.9	3425	100.3	44.3	2.11
2001	186	24.7	16.2	4810	99.6	44.7	2.707
2001	187	21.8	7.8	19220	98.7	32.9	2.706
2001	188	25.2	9.4	15690	96.8	33.1	2.181
2001	189	27.3	15.8	2341	97.8	50.7	2.063
2001	190	29.2	13.3	17750	99.6	34.9	1.608
2001	191	27.4	15.1	8233	97.9	47.7	2.107
2001	192	22.8	15.9	11590	101	40.9	2.756
2001	193	22.9	11.4	13410	91.1	37	2.853
2001	194	22.4	8.5	13910	99.4	39.1	1.952
2001	195	23.9	11.4	12030	91.3	42.6	2.268
2001	196	26.1	10.1	13560	98.8	37.3	1.314
2001	197	27.1	13.7	3266	96.8	46.4	1.08
2001	198	28.8	15.6	6029	99.7	36.2	2.134
2001	199	26.3	17.5	2980	97.3	52.4	2.043
2001	200	26	18.1	9437	93.9	46	2.606
2001	201	26.1	15.1	9584	94.9	41.1	2.413
2001	202	27.2	13.6	17120	93	24	2.426
2001	203	29.9	15	9617	79.5	33.9	1.809
2001	204	31.6	16.4	10300	87.6	37.3	2.354
2001	205	32	19.5	8885	88.4	35.1	3.325
2001	206	29.6	21.3	1185	92.9	61	1.622
2001	207	23.8	16.7	846.7	99.8	58.4	2.867
2001	208	24	7.4	13900	97	30.7	1.915
2001	209	24.8	10.1	7697	95	37.6	2.302
2001	210	21	16.7	19.03	81.5	56.3	3.651
2001	211	20.7	15.9	46.98	98.6	73.8	2.128
2001	212	27.7	13.4	8925	100.8	44.9	1.162
2001	213	28.9	16.1	8300	99.4	45.5	1.975
2001	214	30	15.8	8768	98.4	39.5	2.619
2001	215	26.5	18.9	91.58	94.7	48.7	2.293
2001	216	29.1	18.6	5417	99.6	53.9	1.527
2001	217	30.1	16.8	7509	100.5	40.9	1.454
2001	218	30.4	16.8	8203	100.4	45	1.457
2001	219	31.9	16.6	13120	100.1	42.6	2.425
2001	220	33.6	20.8	9326	89.6	32.8	1.763
2001	221	32.2	20.8	7821	99.3	48.5	1.716
2001	222	28.9	21.5	2854	98.7	54.3	2.17
2001	223	25.3	20	1070	95.4	60.8	1.333
2001	224	25.1	18.9	90.04	97.4	70.7	1.416
2001	225	28.8	18.3	4553	100.9	38.6	1.279
2001	226	27.2	15.1	12450	98.8	30.1	1.454
2001	227	28.2	10.4	13800	97.4	32.5	1.139
2001	228	28	19.1	3507	96.8	32.4	4.197
2001	229	24.6	19.9	9912	95.9	44	4.613
2001	230	25.3	13.3	3461	100	47.6	1.525
2001	231	27.7	13.1	4368	100.6	50.3	2.12
2001	232	23.3	15.8	4541	101	55	2.701
2001	233	24.2	16.2	4422	95.4	49.9	2.331
2001	234	25.6	11.7	11610	100.3	39.8	1.426
2001	235	20.3	16.7	15.67	96.3	75.1	1.195
2001	236	26.3	15.8	6580	100.7	47.1	1.554
2001	237	27.4	10.5	13710	99.5	34	1.032
2001	238	26.8	18.5	4147	91.3	54.7	4.716
2001	239	26	20	4867	95.2	49.8	2.46
2001	240	19.9	13.9	1367	100.7	84.2	0.536
2001	241	25.8	11.5	14980	99.5	41.4	1.042
2001	242	28	13.3	6254	96.6	51.1	1.205
2001	243	26.2	15.8	1682	99.1	68	1.963
2001	244	21.3	14.1	12480	96	46.5	2.098
2001	245	22.3	6.6	13680	98.7	33.5	0.9938
2001	246	25.8	7.9	12250	98.1	47.5	1.717
2001	247	25.1	14.2	4168	98.8	49.1	2.786
2001	248	23	8.6	15180	99	38.5	1.373
2001	249	27.1	6.9	16660	98.3	31	0.9544
2001	250	28.9	9.7	12290	95.3	39.6	1.763
2001	251	29.3	17.8	8667	91.4	35.9	2.596
2001	252	28.3	17.3	13690	85.4	36.6	3.252
2001	253	24.5	17.2	2588	91.8	55.2	4.127
2001	254	23.5	9.6	15310	97.1	39.7	1.514
2001	255	25.5	7.2	14970	98.3	28.3	0.8888
2001	256	26.8	9.3	12890	98.1	40.5	1.699
2001	257	20.5	9.8	6574	95.6	41.8	3.271
2001	258	17.6	2.5	11440	98.7	45.4	1.255
2001	259	20.6	2.2	16490	99.4	29.1	1.106
2001	260	24.3	3.5	15620	98.4	30.4	0.84
2001	261	25.4	9.1	7880	96.1	32.1	0.786
2001	262	24.2	10.7	3571	93.9	44.1	2.552
2001	263	21.4	15.2	258.3	93.2	55.3	5.139
2001	264	23.6	10.2	10050	99.2	45.4	1.63
2001	265	21.6	12.1	6628	97.2	48.7	2.77
2001	266	23.3	7.6	8992	98.9	47.2	1.185
2001	267	20.1	15.3	105.2	96.3	59.5	2.807
2001	268	15.4	8.7	3245	97.7	54.8	3.896
2001	269	13.8	5.6	4333	84.7	40.7	4.249
2001	270	12.5	7.8	2229	90.4	55.6	4.228
2001	271	14.6	4.9	2030	97.1	53	2.077
2001	272	16.5	7.9	6487	96.2	42.5	2.573
2001	273	16.4	1.9	13880	99.2	33.9	2.045
2001	274	19.9	2.2	13560	97.9	38.7	1.628
2001	275	22.4	7.1	5264	97.7	49.2	1.542
2001	276	25	9.6	9959	97.3	35.4	2.209
2001	277	24.5	13.5	11690	72.4	34.5	3.398
2001	278	23.4	8.5	9714	91.7	37.2	3.112
2001	279	21	6.8	3591	87.8	35.6	5.978
2001	280	8.9	1.4	3842	79.7	33	3.956
2001	281	11.8	-2.8	16470	93.6	21.8	1.525
2001	282	15	-5.1	14820	95.8	25	2.254
2001	283	20.7	2.4	9444	81.8	27.9	3.061
2001	284	22.9	2.5	10310	94.2	33.3	2.373
2001	285	19.7	10.2	186.3	93.3	51.9	2.24
2001	286	24.2	13.5	8749	95.7	54.4	2.188
2001	287	21.8	16	-15.63	96.6	60.2	5.144
2001	288	16.5	6.1	12490	96.9	34.6	3.659
2001	289	14.2	3	830	95.9	54.5	3.588
2001	290	7.7	5.4	494.3	84.6	44	7.727
2001	291	12.8	-0.1	15080	78.4	31.7	2.736
2001	292	18.4	-0.1	8430	91.1	30.7	2.946
2001	293	18.7	7.8	9479	75.6	30.6	2.8
2001	294	23.8	3.5	12080	93.5	27.1	2.041
2001	295	19.2	9.5	2329	87.1	44.1	1.802
2001	296	21.7	6.6	2412	99.1	48.8	2.399
2001	297	24.7	13.6	5948	96.9	40.6	2.26
2001	298	22.3	11.3	10900	75.6	23.8	7.888
2001	299	11.5	1.8	649.1	88.1	30.5	8.67
2001	300	6.5	1	2165	91.5	51.3	5.467
2001	301	6.9	0.5	5808	71.4	43.3	2.539
2001	302	15.2	-4.2	12170	96.3	21.1	1.534
2001	303	13.2	4.6	7292	71.8	27	2.345
2001	304	14.1	4	1272	58	33.2	2.352
2001	305	18.8	2.1	3657	95.9	33.1	3.677
2001	306	21.1	14.8	1787	63.2	40	5.813
2001	307	20.3	7	12790	93.8	31	3.406
2001	308	16.6	-0.4	7915	97.7	37.4	2.523
2001	309	13.6	2.3	7189	80.2	24.9	3.916
2001	310	11.5	-2	13280	83.6	28	2.914
2001	311	15.4	5.8	5592	64.5	42.7	4.508
2001	312	19.2	3.9	11280	91.2	15.5	2.37
2001	313	16.8	3.3	10310	82.2	24.8	5.117
2001	314	16.1	-0.6	12300	78.8	17.3	3.535
2001	315	11.5	1.3	10300	66.3	32.3	3.672
2001	316	8.1	-2.2	10440	76.7	42.7	1.991
2001	317	12.2	-6	11430	98	33.3	1.221
2001	318	16.5	-2.9	8480	87.9	35.6	2.625
2001	319	17.9	9.2	2642	66.3	45.3	2.263
2001	320	18.1	10	4071	75.3	48.5	3.539
2001	321	13.6	-1.4	11240	99.9	32.9	0.9319
2001	322	14.7	-2.8	9866	93.2	43	1.519
2001	323	17.6	-1.2	6099	99.8	46.2	2.908
2001	324	15.9	0.2	3647	85.3	47.6	5.417
2001	325	6.4	-6.8	11460	92.3	42.1	2.224
2001	326	11.5	-2.6	6663	81.2	32.1	1.395
2001	327	13	-2.5	8969	83.9	30	1.717
2001	328	13.2	6.3	26.27	95.7	51.9	2.959
2001	329	16.3	10.8	1045	95.2	71.3	4.702
2001	330	13.2	0.8	4242	99.7	55.5	0.9746
2001	331	9.7	2.3	207	98.6	86.2	1.996
2001	332	13	3	2448	99.6	69	1.295
2001	333	12.2	6.9	46.87	98.1	94.1	2.394
2001	334	17.3	12.1	385.4	97.5	67.5	3.447
2001	335	14.6	7.1	5402	82.7	61.3	5.219
2001	336	10.2	2.6	4077	84.3	50.9	2.422
2001	337	12.7	-3.4	10350	99.7	34.9	1.947
2001	338	17.7	2.2	9109	88.1	29.8	2.072
2001	339	20.6	10.3	2605	67.1	28	2.377
2001	340	18.7	9.8	64.38	86.5	29.8	3.811
2001	341	11.4	3.7	3352	94	48.6	2.276
2001	342	4.1	-1.4	170.2	98.3	75.5	1.903
2001	343	6	-0.1	6276	98.9	46.7	2.36
2001	344	6	-5.3	3732	97.2	51	1.563
2001	345	9.3	0.4	9739	91.7	52.6	1.572
2001	346	6.3	-3.4	3813	96.9	61.1	1.705
2001	347	15.9	4.6	67.53	95.7	76.8	3.205
2001	348	15.4	8	33.23	96.8	76.5	3.448
2001	349	15.2	2.1	8236	88.8	40.6	6.526
2001	350	3.2	-5.6	879.3	91.3	51.3	1.401
2001	351	4.8	0.6	141.3	92.1	57.9	1.888
2001	352	7.3	3.4	285.7	96.9	58.7	5.059
2001	353	9.3	-0.4	4438	86.9	52.5	3.825
2001	354	6.7	-0.3	662.5	91.1	56.3	7.182
2001	355	1.7	-1.4	1607	90.7	42.6	6.078
2001	356	4.1	-5.9	9664	87	44	1.505
2001	357	3.7	-2	1819	78.3	47.3	1.856
2001	358	2.2	-3.2	1758	97.6	56.3	3.779
2001	359	-2	-7.1	2401	78.6	55.5	4.55
2001	360	-2.2	-7.8	9538	87.3	43.3	2.047
2001	361	-5	-7.7	462.4	86.8	62.2	4.641
2001	362	-0.6	-5.4	364.5	86.3	52.9	5.552
2001	363	-3.1	-6.2	2065	93.3	55.7	5.091
2001	364	-6.1	-10.1	2236	74.7	55.9	6.825
2001	365	-6.2	-10.4	4124	72.3	52.5	6.581
2002	1	-3.7	-10.3	7771	82	55.9	3.641
2002	2	-2.1	-10.4	8123	90.3	54.3	2.766
2002	3	0.6	-12.5	11710	93.8	39.5	1.958
2002	4	-1	-8.4	6234	84.8	44.9	4.403
2002	5	5.1	-3.9	7251	62.2	36.4	4.77
2002	6	3.4	-2	147.4	99.1	28.4	2.764
2002	7	0.6	-2.5	583.9	99.7	77.5	2.691
2002	8	-2.5	-8.1	2246	83.6	60.5	5.162
2002	9	7.9	-8.1	4145	85.4	52.1	4.752
2002	10	9.6	4.8	8824	75.4	48.2	5.567
2002	11	6	1	1030	93.8	65.1	4.593
2002	12	6.2	-1.4	8090	78.8	42.5	5.073
2002	13	4.9	-1	2264	82.9	41.4	7.697
2002	14	5.8	-4.6	1278	87.4	38	2.425
2002	15	6.2	1.1	104.7	82.8	40.8	5.447
2002	16	1.2	-1	379.6	84.3	50.8	5.355
2002	17	3.9	-1.6	4391	74.3	45.2	5.512
2002	18	-0.7	-4.8	2942	82.5	41.6	5.854
2002	19	-2.8	-6.7	247.5	94.8	49.5	1.608
2002	20	0.3	-8.8	4849	97.1	56.2	2.676
2002	21	3.1	-2.3	106.4	93.9	61.4	4.962
2002	22	9	-2.1	11700	75.8	36.1	5.611
2002	23	8.9	5.4	33.7	83	37.2	4.971
2002	24	10.4	4.5	85.84	99	77.8	1.729
2002	25	7	-2.2	12040	83.3	34.1	5.165
2002	26	10.8	0.5	11490	58.4	18.6	4.535
2002	27	16	-1.2	10490	70.5	18.1	2.526
2002	28	16.2	-0.8	5293	80.3	29.5	2.721
2002	29	17.2	5.7	294.8	72.3	36.6	3.597
2002	30	17.1	7.1	27.83	96.4	61.6	2.59
2002	31	7	0.7	141.3	98.4	92.2	2.756
2002	32	14.3	2.4	2039	98.6	44.2	5.616
2002	33	2.4	-4.6	6495	71.3	43.8	5.411
2002	34	5.1	-3.9	9294	73.8	36	3.725
2002	35	1.9	-8	2301	94.8	52.4	4.143
2002	36	-0.8	-11.2	13210	79.5	33.2	5.973
2002	37	2.8	-3.4	2629	66	43.5	5.39
2002	38	9	-0.9	7583	84.5	31.1	1.873
2002	39	10.2	-0.5	11150	77.2	25	4.669
2002	40	8.7	-4.7	9317	94.7	37.8	1.926
2002	41	6.4	1.9	60.26	95.4	53.2	4.161
2002	42	6.4	-5	10900	96	38.1	5.845
2002	43	7.2	-5.5	8896	67.3	38.2	6.458
2002	44	4	-4.8	11370	81.6	33.8	5.842
2002	45	4.4	-11.4	14440	90.2	24.6	1.962
2002	46	10.4	0.6	1629	43.2	28.9	5.417
2002	47	9.7	1.9	7041	71.9	32.3	5.079
2002	48	6.9	-3	2791	97.2	37.5	5.022
2002	49	4.5	-8.1	13880	80.9	25.7	2.974
2002	50	9.4	-8.8	6286	88.4	22	0.9962
2002	51	13	5.6	316.6	82.4	22.5	3.628
2002	52	12.7	5.1	455.6	92.6	56.3	5.62
2002	53	5.2	-0.1	344.8	83.9	61.1	5.355
2002	54	4	-3.9	14020	77.1	32.8	3.239
2002	55	10.6	-8.8	15510	90.5	12.5	1.069
2002	56	16.2	4.5	6557	32.7	17.6	4.26
2002	57	13.2	0.7	2508	90.3	25.3	4.839
2002	58	3.4	-6.6	803.5	76.7	54.6	7.711
2002	59	-2.2	-6.5	5074	88.7	47.8	7.02
2002	60	4.8	-7.2	11230	72.5	31.7	3.598
2002	61	5.9	-4.2	532.2	85.2	30.1	4.457
2002	62	9.8	-1.6	705.2	96.4	50.4	5.847
2002	63	-1.7	-9.9	5025	83.5	34.3	6.9
2002	64	0.8	-13.3	3843	78.4	47.1	3.358
2002	65	14.6	-1.1	14420	57.5	19.1	6.457
2002	66	14.2	2.2	1682	54	25.1	2.276
2002	67	19.6	-0.4	7468	89.1	22.9	2.364
2002	68	18.1	11	3787	77	26.1	6.776
2002	69	17.1	-3.5	8553	87.1	30.9	12.61
2002	70	3.8	-6.5	7158	66.6	22.8	4.566
2002	71	9.8	1.7	212.4	54.7	26.4	3.222
2002	72	6.7	1.7	81.58	93	50.8	1.74
2002	73	18.7	0	10800	100.1	35.2	1.742
2002	74	21.7	12.1	1627	74.9	38.8	6.772
2002	75	19.8	6	2967	98.5	52.2	2.687
2002	76	5.9	-3.5	151.7	97.7	57.6	3.774
2002	77	3.8	-1.3	142.6	97.2	90.6	3.94
2002	78	6.1	1.3	293.9	98	60.5	1.829
2002	79	7.2	1.2	65.75	94	70.3	3.502
2002	80	10.2	-3.7	5609	92	36.4	4.904
2002	81	-3.5	-9.4	3854	88.2	41.9	6.826
2002	82	6.1	-6.8	16360	81.5	26.6	7.755
2002	83	8.7	0.3	4265	80.9	30.3	4.745
2002	84	3.7	-2.2	130.7	93.7	74.8	3.879
2002	85	2.6	-0.8	130.3	94	83.4	3.603
2002	86	4.5	-0.4	102.9	96.1	64.6	5.429
2002	87	9.8	-4.7	16770	86.8	25.1	1.675
2002	88	17.7	3.2	7846	68.6	29.9	3.295
2002	89	16.2	6.6	8738	81	23	6.456
2002	90	12.6	2.2	1256	89.3	30.5	1.433
2002	91	7.8	3.4	7411	97.3	37.5	5.074
2002	92	17.6	0	8277	83.1	30.1	3.366
2002	93	17.8	2.6	549	80.5	37.7	5.876
2002	94	5.7	-3	10810	83.9	32.8	4.273
2002	95	3.7	-5.3	4849	84.8	36.7	2.83
2002	96	3.5	-4.1	3889	89.5	36.5	4.114
2002	97	9.5	-7.5	15340	89.7	26.1	2.433
2002	98	15.7	5.5	1540	58.3	32.6	4.499
2002	99	16.9	13.9	19.61	88.3	41	7.978
2002	100	17.3	4.6	16940	80.3	27.2	3.126
2002	101	18.7	2.7	14850	74.8	24.4	3.135
2002	102	17.5	6.6	5499	70.2	30.2	3.213
2002	103	16.5	13.8	693.9	91.9	69.8	5.007
2002	104	19.7	6	2166	98.4	65.3	1.932
2002	105	24.4	13.3	4222	94.7	49.1	4.068
2002	106	28.7	12.9	12990	95.8	32.5	2.392
2002	107	29.3	12.3	12120	91	32.4	2.734
2002	108	29	16.4	7310	85.1	38.6	1.978
2002	109	27.7	13.1	7168	95	28.3	2.966
2002	110	19.5	11.3	314.9	93.3	56.2	1.596
2002	111	15.5	2.8	24.61	93.9	47.5	2.949
2002	112	8.2	2.6	105.6	93.9	65.3	3.995
2002	113	10.2	-0.9	15320	83.7	29.1	3.862
2002	114	15.9	-2.6	18590	92.6	21	1.809
2002	115	13.4	7	6987	94.2	23.7	6.971
2002	116	13.4	3.3	13700	59.2	26.1	4.615
2002	117	15	-2	7760	84.9	28.7	1.576
2002	118	21	7.8	-39.93	97.1	37.4	6.671
2002	119	16.1	3.7	10.33	85.3	65	7.41
2002	120	13.5	3.5	23.11	87.7	48.5	4.816
2002	121	17.5	2.5	2810	95.5	21.7	1.51
2002	122	25.2	9.4	3250	92.6	30	6.531
2002	123	15.5	3.8	13140	69.7	23.2	7.186
2002	124	15.9	-2.1	14030	94.2	23.4	2.05
2002	125	22.6	1.2	17020	96.5	22.7	2.446
2002	126	21.7	4.6	4318	88.1	38.9	3.086
2002	127	20.7	14.9	1302	90	64	3.522
2002	128	20.2	10	6098	92.4	32.2	3.135
2002	129	17.4	9.9	5.841	95.7	58.4	4.889
2002	130	17.5	10.4	3091	97.3	21.9	5.748
2002	131	19.5	3.4	11670	81.6	21	1.725
2002	132	18.9	11.9	467.7	95.4	30.3	3.261
2002	133	19.4	11.1	-15.49	96.6	77.9	3.105
2002	134	11.5	4.9	3350	89.7	51.8	7.389
2002	135	17.5	3.2	15760	92.8	30	5.405
2002	136	23.5	6	7959	77.2	31.4	4.469
2002	137	21.2	11.4	2652	85.6	36.4	4.882
2002	138	11.5	3.2	700.1	95.1	52.5	3.786
2002	139	10.3	-0.8	10680	92.8	32.5	2.754
2002	140	9.3	-1.1	5702	91.2	30.7	2.189
2002	141	11.2	-2	7919	92.2	32.2	1.695
2002	142	17.4	-1.1	19800	94.6	24.2	1.564
2002	143	23.5	2.3	19860	87.9	21	2.225
2002	144	23.9	11.6	5727	81.6	24.6	3.821
2002	145	17.9	8.2	962.6	97.1	55.4	2.115
2002	146	23.4	15.7	4775	84.4	37.6	4.826
2002	147	25.4	10.7	9904	92.9	46.9	2.188
2002	148	25	15.4	4660	94.8	60	2.228
2002	149	24.2	16.7	2165	90.7	56.7	2.974
2002	150	27.1	17.4	7576	91	46.7	3.924
2002	151	27.3	14.2	4563	98.3	46	3.784
2002	152	26.4	13	15490	98.2	27.8	3.166
2002	153	23.4	14.4	14930	77.5	23.4	4.111
2002	154	21.8	8.9	10200	75.2	25.8	1.977
2002	155	23.7	10.9	4520	86.5	47.2	3.13
2002	156	29.5	18.4	5144	94.8	47.9	5.285
2002	157	24.2	13.3	-14.35	95.8	65.7	3.642
2002	158	22.5	10	13420	95.4	44	1.9
2002	159	23.5	11.7	17630	90.8	42.9	2.828
2002	160	27.7	12.4	9222	93.3	37.2	3.34
2002	161	28.9	14	10340	95.3	39.2	1.258
2002	162	28.8	16.8	6416	95.7	38.5	3.03
2002	163	26.2	21.4	737.6	89.9	52.7	3.749
2002	164	25.1	17.1	417.6	93.8	59.4	1.568
2002	165	20.6	14.3	34.84	94.5	81	2.8
2002	166	18.2	13.6	4506	95.7	58	4.506
2002	167	20.5	13.8	7343	84.4	49.6	5.338
2002	168	21.3	10.3	11430	95.6	33.9	2.631
2002	169	24.3	8	8580	96.2	37.8	1.286
2002	170	27.4	11.6	15080	96.2	29.4	1.395
2002	171	26.6	14.6	11720	94.4	45.3	2.856
2002	172	27.1	14.9	13960	91.9	39.9	2.278
2002	173	28.5	15.2	7740	91	47.2	2.17
2002	174	29.3	17.2	8160	85.8	47.8	2.594
2002	175	30.2	17.7	5023	94.1	45.1	1.827
2002	176	30	17.2	5185	97.8	51.2	1.643
2002	177	28.6	18.7	3162	97.7	55.8	2.259
2002	178	25.3	22.1	122.7	83.4	66.7	3.044
2002	179	26	18.5	5566	96.8	52.2	2.582
2002	180	27.9	13.3	8263	100.3	42.3	0.9973
2002	181	27.8	14.3	10470	99.1	44.2	1.047
2002	182	29.9	16.3	7673	99.2	43	1.181
2002	183	31.9	19.7	6953	98.5	51.9	1.445
2002	184	31.5	18.6	11250	100.2	48.9	1.67
2002	185	31.1	18.8	9756	97.9	48.6	2.108
2002	186	28	17.4	18660	91	32.4	2.224
2002	187	25.6	11.2	13940	98.4	36.5	1.755
2002	188	26.7	11.1	6475	98	29.5	1.131
2002	189	30	12.5	12040	98.8	34.8	1.302
2002	190	27.7	19.1	3265	96.4	55.2	2.153
2002	191	24.3	18.1	12200	99.5	40.8	2.707
2002	192	22.3	8.2	19320	96.7	35.2	1.804
2002	193	25.6	8	19390	97	33.7	1.082
2002	194	23.8	10.9	3351	94.7	45.3	1.624
2002	195	25.6	18.1	7395	88.6	56.4	2.49
2002	196	29	15.5	9514	99.8	38.3	2.686
2002	197	29.6	17	15530	81.9	30.6	2.071
2002	198	31.4	14.7	10700	90.9	39.6	1.768
2002	199	29	22.4	1167	85.3	53.8	2.238
2002	200	28.6	17.7	2559	98	56.8	1.73
2002	201	28.5	19.1	6479	99	43	1.231
2002	202	29.7	16.4	8813	98	44.5	1.808
2002	203	32.2	18.7	8734	97.1	38.9	3.268
2002	204	30.4	20.6	3503	89.9	51.2	2.827
2002	205	26.2	14.7	10210	99.7	41.3	1.801
2002	206	23.2	15.8	110.5	88.1	52.4	1.904
2002	207	21.5	15.9	28.67	95.9	67.1	3.158
2002	208	27.1	16.6	584.8	98.4	68.7	3.007
2002	209	31.1	20	5909	98.6	49.1	3.049
2002	210	31.9	22.8	6697	84.3	48.6	3.672
2002	211	29.3	21.8	8884	93.3	48.4	3.601
2002	212	31.2	16.1	15100	98.8	35.7	1.351
2002	213	32.8	17.4	15080	99.4	36.4	1.068
2002	214	33.4	18.2	11220	96	32.5	1.718
2002	215	32.4	19.1	11190	94.3	31.8	1.292
2002	216	32.9	17.5	9915	98.3	26	1.354
2002	217	29.9	19.1	731.1	94.9	50.2	1.848
2002	218	22.8	13.9	18760	96	32.8	2.975
2002	219	23	8.8	12030	96.9	34.8	2.022
2002	220	25.1	7.5	13870	98.5	31.5	1.391
2002	221	27.7	9.1	18520	97	23.4	1.115
2002	222	30.1	9.6	17610	97.2	28	1.79
2002	223	32.2	14.1	10260	91.5	27.1	1.38
2002	224	32.1	15.8	6994	93.8	32.5	1.218
2002	225	31.6	15.9	3683	98.5	34.1	1.406
2002	226	33.4	18	8774	99.2	28.6	2.312
2002	227	30	22.2	2399	89.6	32.5	2.61
2002	228	29.2	19.3	4200	98.3	51.2	3.175
2002	229	30.4	19.7	7289	94.5	45.8	2.47
2002	230	30.5	21	3207	90.3	44.8	3.022
2002	231	28.3	19.5	2925	92	48.9	2.072
2002	232	26.3	18.6	8986	97.9	40.5	2.079
2002	233	28.4	11.3	10730	97.6	41.1	1.643
2002	234	31.9	20.5	6486	90.5	37.5	4.882
2002	235	22.1	19.1	33.04	98.1	87.8	1.819
2002	236	26.9	19.2	2123	99.1	64	2.921
2002	237	25.3	17.7	8150	95.4	43.5	2.151
2002	238	26.1	12.3	6097	99.5	44.9	0.9415
2002	239	26.1	13.7	5249	98.9	44.8	1.679
2002	240	23.4	15.4	8.519	90.3	60.6	2.879
2002	241	18.6	12.4	1266	94.6	69.8	3.148
2002	242	23.4	11.6	7113	98.6	53.3	1.67
2002	243	25.4	11.5	11060	100.3	42.7	2.404
2002	244	21	14.9	2.54	97.3	57.5	3.163
2002	245	22.3	14.6	3804	97.8	65.8	1.509
2002	246	30.1	12.9	7768	99.6	47.6	1.811
2002	247	27.8	17.5	15560	97.6	32.9	2.694
2002	248	25.1	10.8	8788	98.1	40.7	1.703
2002	249	26.1	8.8	15660	98.3	24	1.224
2002	250	27.9	8.9	16030	94.7	21.8	1.669
2002	251	29.7	10.1	17070	92.2	10.7	1.779
2002	252	32.1	9	16810	96.2	23.4	1.245
2002	253	32.8	10.9	15180	94.6	19.7	1.243
2002	254	24.8	15.9	7116	79.7	33.4	3.718
2002	255	23	6.5	17070	94.6	25.4	1.632
2002	256	27.3	5.2	15080	96.8	15.8	1.384
2002	257	27.5	9.1	3634	85.3	38	1.833
2002	258	24.2	20	20.87	94.3	68.2	4.141
2002	259	25	19.1	6977	96.8	42.3	2.373
2002	260	24.6	11.3	10200	100.4	34.3	1.197
2002	261	25.8	9.2	6705	99.3	43.7	1.719
2002	262	22.7	18.4	176.9	87.5	53.1	2.856
2002	263	27.2	18.8	5969	87.6	59.2	3.706
2002	264	24.3	21	97.14	89	68.9	3.612
2002	265	25.1	18.3	1497	97.6	69.3	1.711
2002	266	20.6	10.3	15110	98.7	37	1.981
2002	267	23	5.4	15700	99.3	31	0.8444
2002	268	20.8	7.4	2892	97.1	38.7	1.329
2002	269	17.9	11.8	-4.355	98.3	54.2	2.069
2002	270	19.6	11.5	16.57	99.6	92.5	3.701
2002	271	20.4	14.1	2168	99	55.7	2.364
2002	272	20.8	5.5	9749	100	50.8	1.06
2002	273	22.4	8	7685	99.9	62.7	2.154
2002	274	25.9	13.1	8391	97.4	57.6	2.967
2002	275	25.9	13.8	4305	100.1	56.2	2.021
2002	276	25.5	19.7	1277	84.4	64.2	2.47
2002	277	21.1	16.5	30.55	98.8	83	3.554
2002	278	22.4	11.8	5205	94.1	55.3	5.195
2002	279	18.2	3.7	12470	99.4	47	2.026
2002	280	16.5	9.6	5576	89.3	39.7	5.261
2002	281	13.5	0.5	11720	98	39.4	1.461
2002	282	14.4	2.9	204.7	94.8	54	1.369
2002	283	14.8	10	26.38	98.4	76.7	1.571
2002	284	14.2	11.7	6.083	99.5	94.9	3.109
2002	285	15.5	11.8	41.91	100	89	1.728
2002	286	16.2	10.9	14.52	98.9	73.3	3.228
2002	287	12.3	0.9	14940	97.6	40.5	1.728
2002	288	11.4	-0.1	1820	96.4	58.4	2.022
2002	289	10.5	8.2	38.65	99	79.9	2.522
2002	290	9.9	4.8	1370	97.8	62.3	2.275
2002	291	11.4	-1.9	6094	100.8	49.1	2.31
2002	292	13	7	-10.29	85.9	58.4	5.459
2002	293	11.6	0.5	6538	100.5	49.4	1.595
2002	294	12	1.2	9962	97.8	44.8	0.9248
2002	295	14.4	-1.4	12470	99.6	52.2	1.428
2002	296	10.6	2.6	1510	98.1	52.3	1.359
2002	297	6.2	0	74.42	95.6	65.1	1.717
2002	298	5	1.3	71.63	98.4	89.8	2.359
2002	299	12	5	51.54	98.1	83.5	2.628
2002	300	9.8	5.7	159.9	95.4	61.4	2.636
2002	301	9.4	3.4	751.8	90.1	55.8	1.118
2002	302	4.2	-2.6	577.3	101.4	51.6	1.978
2002	303	0.1	-0.7	98.85	101.9	99	2.29
2002	304	5.3	-2	9295	101.5	55.2	1.385
2002	305	4.9	-2.1	830.2	100.7	66.3	3.76
2002	306	5.2	-2	10040	80.3	40.3	5.078
2002	307	7.1	0.8	1752	80.7	43.1	2.561
2002	308	4.8	-3.4	101.8	95.6	58.6	1.592
2002	309	5.4	-2	1515	99.8	57.3	2.114
2002	310	6.3	2.4	67.75	99.2	64	3.248
2002	311	6.6	2	10640	90.8	38.3	4.491
2002	312	17.7	1.2	11810	87.7	29.9	4.736
2002	313	16.3	3.8	1058	78.2	33.4	3.846
2002	314	18.2	11.5	1600	87.8	39.9	6.524
2002	315	18	10.4	1295	97.1	54.5	6.156
2002	316	10	4.7	41.56	99.3	79.8	0.8744
2002	317	7.2	2.6	1566	99.8	59.8	2.013
2002	318	14.4	1.8	7184	90	34.4	3.126
2002	319	12.6	4.5	1282	66.9	40.1	2.975
2002	320	10.2	2.3	51.17	100.6	54.4	3.401
2002	321	5	1.9	76.69	100.5	89.5	2.752
2002	322	3.1	-1.2	4592	93.2	58.7	6.827
2002	323	2.6	-2.6	206.1	97.1	67	1.652
2002	324	11.9	-1.7	11680	100.3	40.6	2.035
2002	325	9.3	5.6	44.34	93.1	49.8	3.419
2002	326	7.3	2	36.11	99.6	66.6	4.639
2002	327	2.3	-1.3	66.48	99.3	66.8	6.819
2002	328	8	0.4	3327	80.1	51.5	5.302
2002	329	9	-2.3	1451	97.4	61.2	1.449
2002	330	3.4	-3.6	719.5	97.6	56.5	1.947
2002	331	0.1	-3.1	4682	100.7	54.2	2.723
2002	332	-2.1	-9	3443	96	57.2	3.489
2002	333	7.2	-4	2824	87.4	47.4	6.34
2002	334	7.9	0.7	1484	88	41.8	7.166
2002	335	0.6	-5.9	4326	83.5	43.4	7.776
2002	336	2.4	-5.3	220.6	61.4	43	4.715
2002	337	0.4	-13.2	12390	95.3	29.7	3.086
2002	338	-4.7	-12.9	3005	90.5	54.1	1.189
2002	339	-5.1	-6.7	153.4	97.5	65.2	1.942
2002	340	-3.4	-7.5	5012	96.8	56.1	3.612
2002	341	3.9	-10.7	11020	89.1	26.7	3.566
2002	342	2	-2.4	75.94	94.1	48.8	5.71
2002	343	-2	-17	11850	91.1	34.8	2.083
2002	344	3.5	-11.6	5261	83.6	36.2	1.462
2002	345	-0.2	-10.2	156	99.7	71.2	1.329
2002	346	1.7	-0.3	111.4	101.3	92.1	1.368
2002	347	1.4	-0.3	87.69	99.8	90.8	1.92
2002	348	2.5	-0.1	89.35	101.9	83.9	3.353
2002	349	3.9	0	1195	87.7	68.3	5.97
2002	350	4	-2.5	3384	89.1	54.9	5.397
2002	351	-2.4	-9.8	10880	84.6	56.9	2.288
2002	352	-1.5	-10.6	327.6	90.4	52.9	1.495
2002	353	4.9	-2.5	1625	76.4	55.1	1.938
2002	354	10	2.4	241.6	95.9	60.4	6.181
2002	355	3.4	-0.4	1007	98.6	55.9	6.842
2002	356	5.9	0.9	27.23	88.9	30.1	6.533
2002	357	4.2	-1.3	5124	76.7	49.9	8.078
2002	358	2	-3.1	132.9	90.6	52.6	4.249
2002	359	-0.4	-3.3	66.85	101.7	89.9	3.288
2002	360	-1.5	-3.1	50.21	98.3	72.1	6.576
2002	361	-1.1	-6.4	2351	85.7	61	3.493
2002	362	0.2	-8.6	971.1	94.8	74.2	3.02
2002	363	2.1	-1.4	1112	99.2	66.5	3.202
2002	364	2	-9.7	1374	99.9	67.7	1.062
2002	365	9.4	0.9	2482	93.9	54.2	2.057
2003	1	8.8	0.3	46.99	100.9	83.3	3.8
2003	2	0.5	-3.3	102.9	100.3	86.7	4.131
2003	3	-0.1	-3.3	104.9	101.1	90	2.9
2003	4	-1.5	-3.5	80.24	101.5	74.1	4.471
2003	5	-2.6	-8.8	138.2	98	71.5	2.027
2003	6	-0.5	-4.4	144.8	99.6	86.5	1.321
2003	7	-2.4	-10.1	1315	99.9	62.1	5.321
2003	8	3.1	-3	31.56	89.6	68.8	8.654
2003	9	8	2.8	5609	81.6	48.7	8.112
2003	10	6.1	-4.6	405.1	93.3	42.8	6.271
2003	11	-3.7	-8.5	1988	90.7	54.2	7.639
2003	12	-4.3	-9	5987	76.8	58	5.916
2003	13	-1.7	-7.3	1241	76.9	43	6.019
2003	14	-5.8	-11.6	293.9	83.2	54.3	2.222
2003	15	-6.7	-9.9	1951	84.5	52	5.542
2003	16	-7.3	-12.9	305.4	85.4	59.2	3.86
2003	17	-5.4	-13.8	2229	95.9	46.8	2.659
2003	18	-6.4	-17.6	12320	86.9	43.8	2.445
2003	19	-6.9	-11.2	1051	84.8	48.3	4.986
2003	20	-4.2	-9.4	8405	97.2	42.9	7.078
2003	21	-8	-12.2	9233	80.9	44.7	3.411
2003	22	-10.1	-16.6	3146	81.8	51.2	3.845
2003	23	-12.1	-18.1	7075	80.5	51.2	4.804
2003	24	-5.7	-15.2	9880	82.2	51.6	5.042
2003	25	-5	-10.3	556.2	75.1	53.4	5.164
2003	26	-3	-7.3	74.24	91	45.5	3.209
2003	27	-7.2	-18.2	11410	82.2	43.9	3.44
2003	28	-3.6	-16.2	131	81.4	54.9	2.114
2003	29	0.9	-4.8	187.9	97.5	63.6	1.546
2003	30	0.1	-10.9	5248	94.5	60.3	1.692
2003	31	-1.2	-7.2	132.1	98	70.1	2.096
2003	32	1	-2	115	100.7	93.9	1.866
2003	33	1.8	0.1	89.58	98.9	66.2	4.067
2003	34	3.8	-7.6	3256	97.6	57.7	1.438
2003	35	3.8	-1.1	2089	96.8	61.6	6.223
2003	36	-0.9	-8.4	2686	95.9	54.7	6.859
2003	37	-1.7	-14	1124	91.1	52.6	1.274
2003	38	-0.9	-4.9	231.6	98.5	52.6	3.032
2003	39	-4.3	-11	12480	88.6	36.4	5.409
2003	40	-1.8	-10.8	673	77	43.8	5.035
2003	41	-0.4	-4.3	53.71	95.4	58.8	3.447
2003	42	-0.5	-16.4	1241	95.3	58	3.636
2003	43	-1	-10.9	5398	95.7	40.3	9.443
2003	44	-7.4	-11.4	643.8	84.7	50.1	7.372
2003	45	-1.4	-10.3	6771	89.5	35.1	4.716
2003	46	-2.2	-9.5	443.8	75.3	38.2	3.975
2003	47	-9.5	-15.1	50.78	90.8	31.6	5.405
2003	48	-5.9	-12.8	97.24	98.4	89.9	4.001
2003	49	-1.7	-7.5	133.1	98.8	73.6	2.538
2003	50	8.1	-3.4	3883	86.7	43	3.115
2003	51	5.8	-0.6	14250	90.8	33.3	3.859
2003	52	4.9	-11.9	2449	97.6	48.5	0.9506
2003	53	3.1	0.6	89.61	101.5	86.4	2.238
2003	54	3.7	-5.1	74.29	101.3	65.9	6.527
2003	55	-0.4	-7.9	60.46	92.3	71.3	4.743
2003	56	-1.1	-9.2	9560	86.7	40.5	5.551
2003	57	-6.2	-11.5	145.7	83.8	52.6	2.029
2003	58	-3.9	-8	118.4	91.5	76.1	1.6
2003	59	1.4	-5	131.3	97.2	68.3	1.522
2003	60	2.3	-4.2	130.8	94.9	76.8	1.009
2003	61	3.8	0	184.8	101.8	74.2	2.859
2003	62	0.9	-17.1	14420	80.9	27.5	4.673
2003	63	4.6	-12.2	7375	70.6	34.8	3.506
2003	64	8.3	0.8	114.3	93.4	49.2	2.798
2003	65	4.3	-5.5	114.3	100.4	65.5	3.609
2003	66	1	-16.2	15610	96.1	40	2.162
2003	67	9.7	-10.2	8235	97	37.7	2.918
2003	68	10.8	-7.3	7552	88.9	41.2	7.746
2003	69	-5.4	-11.2	12360	85.1	42.8	5.185
2003	70	2.9	-12.8	8337	90	39.1	2.468
2003	71	11.1	-1.3	6343	75.6	40.2	3.612
2003	72	8.4	0.4	74.45	99.3	67.8	2.007
2003	73	4.8	-6.6	15680	98.8	30.6	2.721
2003	74	13.6	-1.2	14760	64.5	30.8	2.838
2003	75	19.8	-0.5	13280	90.7	39.1	1.845
2003	76	20.3	0.9	8254	101.4	46.9	1.457
2003	77	14.5	3	2649	100.7	65.5	2.63
2003	78	8.6	2.3	2051	93.6	51.4	3.894
2003	79	4.7	-0.7	58.18	100.4	60.2	2.889
2003	80	13.7	1.4	2329	101.4	70.1	1.487
2003	81	10.7	3.5	3517	100.8	48.5	4.28
2003	82	11.3	0.8	8774	87.8	42.7	3.051
2003	83	17	0.7	14370	90.3	26.4	1.456
2003	84	22.9	8.8	10490	62.6	24.8	4.922
2003	85	19.2	6.6	420	90.7	37.3	3.576
2003	86	17	-1.2	11060	100.2	33.2	1.703
2003	87	13.9	8.5	4167	81.5	37.5	4.502
2003	88	16	7.5	-3.387	95.2	70	5.344
2003	89	7.5	-1.9	54.48	101.2	64.9	2.943
2003	90	0.2	-9	7861	96.5	46.5	3.93
2003	91	12.8	-6.1	3911	96.1	48.8	2.798
2003	92	23.5	1	14260	101.2	30.2	4.307
2003	93	23.2	6.4	4719	95.6	36.9	2.875
2003	94	20	6.4	2303	89.8	51.1	2.965
2003	95	14	3.7	2796	97.3	49.2	6.451
2003	96	6.4	-2.5	4794	81.5	32.9	4.667
2003	97	5.2	-1.9	13.88	99.2	38.1	4.507
2003	98	1.3	-1.8	63.63	98.4	87	2.213
2003	99	3.3	-0.5	65.43	101.1	89	3.372
2003	100	12.3	0.9	6036	96.5	31.4	4.521
2003	101	10	1.8	48.67	97.6	33.7	3.585
2003	102	18	1.4	16250	99.4	24.4	2.921
2003	103	16	0	17390	91.7	17.2	2.223
2003	104	21.3	-0.5	15740	79.1	22	2.304
2003	105	26.1	7.2	13580	82	24.7	4.999
2003	106	25.8	16	6891	51.7	24.8	4.942
2003	107	18.4	2.3	27.84	75.3	44.7	5.702
2003	108	5.9	0.2	43.08	93.8	58.2	2.827
2003	109	13.3	3	82.78	96.8	65.4	2.339
2003	110	18.4	7.4	5024	87.8	36.5	2.606
2003	111	15.8	10.3	610.1	90.4	46.1	4.27
2003	112	12.9	5	24.97	99	69.2	3.448
2003	113	10.7	1.5	14130	81.4	20.9	6.488
2003	114	15.5	-0.4	15680	67.1	15.2	4.06
2003	115	18.9	2.4	11730	74.4	24.4	2.288
2003	116	17.2	10.6	-0.6134	97.2	43.9	3.059
2003	117	20.1	3.7	17100	91.8	18.1	1.947
2003	118	25.5	3.3	17290	81.4	14.6	2.556
2003	119	21.7	9.9	10030	91.5	16.7	2.098
2003	120	20.8	3.9	4737	81.1	21.7	1.88
2003	121	27.7	15	7857	84.2	33.8	5.682
2003	122	23.1	13.1	3638	96.3	48.2	4.067
2003	123	17.5	4.4	17590	89.3	24.1	3.24
2003	124	17.1	7.3	5965	76.9	31.6	2.575
2003	125	14.8	5.6	-3.275	91.5	40.3	4.208
2003	126	19	5.3	3036	97	66.8	2.906
2003	127	23.9	8.5	2659	100.8	52.6	1.627
2003	128	20.4	13.3	1316	100.7	65.9	1.06
2003	129	15.5	9.4	27.69	101	87.3	1.528
2003	130	22.2	12.3	1740	99.9	65.9	3.017
2003	131	26.3	15.9	3974	96.5	29.3	4.633
2003	132	23	8.6	-9.72	87.8	38.1	7.623
2003	133	10.2	6.9	0.6739	89	68.6	6.774
2003	134	18.5	5.9	8930	87.5	32	3.034
2003	135	17.1	7.8	204.9	93.5	33.1	3.049
2003	136	12.7	8.7	-11.16	96.3	76.1	5.315
2003	137	9.5	7.6	5.046	94.5	82.6	3.881
2003	138	14.1	8.5	1970	94.9	56.5	3.035
2003	139	20.2	3.3	15520	91.5	30.7	2.479
2003	140	20.8	10.5	6232	72.8	36.7	3.328
2003	141	16.7	9.6	1716	98.7	58.7	3.205
2003	142	14	4.3	240.5	95.4	62.2	1.412
2003	143	13.8	10.5	24.85	92.8	78.3	2.766
2003	144	18.5	10.8	2745	97.5	56.3	2.832
2003	145	20.7	10.4	5987	96.7	40	3.63
2003	146	17.8	12.3	741.4	98.5	72.9	2.235
2003	147	17.1	10.2	1480	99.4	63.2	1.873
2003	148	17.5	9.3	2754	99.2	60.2	2.238
2003	149	23	7	8946	100	35.1	1.459
2003	150	21.1	9.3	4409	95.6	42.8	2.26
2003	151	18.4	12.2	8.856	97.8	62.3	2.364
2003	152	17.7	8.1	3129	96.8	34.9	4.275
2003	153	19.1	5.5	9173	85.2	35.1	2.819
2003	154	16.3	8.8	29.27	93.9	51.3	2.317
2003	155	13	10	11.11	98.3	90.4	3.073
2003	156	14.8	11.6	1770	100	66.7	2.931
2003	157	23	12.1	9669	86.7	43	2.479
2003	158	19.8	13.3	9.418	98.4	57.2	2.475
2003	159	20.1	13.7	2920	99.5	73	2.166
2003	160	21.4	11.9	5486	98.3	54.5	4.11
2003	161	24.8	9.2	9988	99.6	40.5	1.652
2003	162	24.4	17.5	400.7	93.1	61.2	3.843
2003	163	23.3	16.9	426.5	98.5	76.2	1.59
2003	164	24.6	19.4	1008	93.9	63.4	4.747
2003	165	23.8	17	832.1	98.2	70.1	1.972
2003	166	25.3	13.8	3581	98.8	50.7	1.022
2003	167	24.1	12.9	10710	80.5	42.9	2.939
2003	168	20.5	12.6	174.2	93.5	60.3	3.601
2003	169	22.3	12.8	1457	98.1	65.9	2.544
2003	170	23.4	14.5	1462	100.1	61.8	1.422
2003	171	19.9	13.7	3.534	94	70.2	2.683
2003	172	17	11.5	502.6	98	78.6	2.051
2003	173	26.5	13	3500	96.8	35.4	1.821
2003	174	28.2	11.1	15080	95.7	34	2.057
2003	175	31.3	12.7	16800	93.9	27.2	1.338
2003	176	30.1	14.7	12880	96.6	39.4	1.961
2003	177	29.7	18.2	12650	93	40.2	2.211
2003	178	27.1	19.2	5137	91.1	48.7	2.489
2003	179	26.3	11.3	17360	95.2	35.6	1.645
2003	180	27.4	16.2	10410	89.8	41.9	3.275
2003	181	25.7	17.8	3257	89.7	51.2	1.995
2003	182	27.7	11.1	17630	99.3	33	1.083
2003	183	26	14.7	3334	94.9	43.3	2.251
2003	184	28.7	14.3	8942	99.3	46.7	1.29
2003	185	29.4	16.8	7483	98.1	52.9	2.785
2003	186	28.6	19.6	4096	87	54	3.086
2003	187	29.2	18.7	5489	93.8	50.1	1.962
2003	188	26.5	17	3113	100.3	66.1	2.363
2003	189	29.5	18.9	7435	92.1	49.3	3.324
2003	190	25.9	18.3	206.1	96	69.9	2.98
2003	191	19.9	14.4	131.3	99	81.9	2.326
2003	192	24.7	18	5677	99.7	50.6	4.416
2003	193	23	16	7717	85.6	52.6	4.405
2003	194	26	11.6	14700	97.9	37.9	1.382
2003	195	25.5	12.7	12890	96.5	41.6	2.145
2003	196	25.8	16	6760	92.1	56.4	3.098
2003	197	25.8	20	11560	95.4	47.2	4.649
2003	198	26.7	10.9	18400	98.3	42	1.682
2003	199	24.5	14	1556	100.2	63.7	1.486
2003	200	24.7	13.1	13730	100.7	38.7	1.3
2003	201	26	10.8	12250	98.9	41	1.598
2003	202	28	17.2	4479	93.4	54.2	3.671
2003	203	23.6	16.3	845.6	97.5	69.1	1.887
2003	204	25.4	15.3	4783	99.5	57.4	1.05
2003	205	24.4	16	4919	100	49.2	2.703
2003	206	27.3	12.7	15820	98.7	36.1	1.33
2003	207	27.7	13	10700	99.1	41.8	1.841
2003	208	28.8	21.1	4361	80	56	4.608
2003	209	26.3	18.4	4989	97.5	49	1.922
2003	210	26	12.1	16680	98.3	30.8	1.075
2003	211	21.6	12.4	1591	98.1	66.1	0.9012
2003	212	23.7	-10000	47.71	94.5	57.9	2.432
2003	213	25.2	18.9	859.7	97.1	70.6	2.246
2003	214	27.8	17.6	4988	98.4	59.7	1.748
2003	215	25.2	18.6	752	98	77.8	2.051
2003	216	26.9	18.3	5788	96.6	56.6	1.843
2003	217	26	17.5	1994	98	56.5	1.241
2003	218	25.3	15.7	3842	98.5	57.9	1.491
2003	219	27	15.7	3789	98.1	51.8	1.195
2003	220	27.2	17.7	1490	97.5	55	1.225
2003	221	26.6	18.6	1129	97.1	62.7	1.368
2003	222	26.4	18.2	2610	97.8	61.3	1.442
2003	223	23.3	18.7	451.5	96.5	76.4	1.011
2003	224	28	17.4	5542	97.4	54.4	0.9981
2003	225	30.3	18.1	7357	97.3	48.1	1.134
2003	226	31.1	18	8226	97.8	44.9	0.9042
2003	227	29.5	16.8	10670	97.2	44.3	1.368
2003	228	27.7	19.3	2350	91	59	2.162
2003	229	26	16.8	4598	96.9	51	1.638
2003	230	25.2	13.9	12850	96.2	36.8	1.282
2003	231	27.8	11.8	15580	96.7	36.5	0.7069
2003	232	28.3	13.1	10530	97.3	51.4	1.014
2003	233	29	17.1	6066	97.8	48.9	1.425
2003	234	29	20.4	3080	95	57.1	2.415
2003	235	25.1	13.5	14270	92.3	33.7	1.723
2003	236	24.2	8	16200	93.2	27.6	1.05
2003	237	28.4	13.6	11800	89.3	51.5	2.246
2003	238	23.9	18.8	950.5	95	74.4	1.721
2003	239	24.7	15.6	1720	96	73.1	2.67
2003	240	29.1	15.2	10220	98.2	40.3	1.13
2003	241	28.7	17.8	4301	92.2	56.4	2.984
2003	242	23.1	17.6	1749	96.1	66	1.328
2003	243	20.7	11.2	4843	96.7	43.7	1.551
2003	244	19.6	15.4	26.57	97.7	67.6	1.491
2003	245	21.4	17.6	22.05	98.4	84	2.266
2003	246	21.2	15.5	1772	95.5	84.1	2.586
2003	247	23.1	15.9	1253	97.2	64.7	1.871
2003	248	17.9	11.1	1977	97.2	65.7	1.722
2003	249	22.7	7.6	12930	97.5	42.4	0.8833
2003	250	24.6	8.7	11300	97.8	44.7	0.7469
2003	251	24.3	11.5	7016	97.5	55.8	1.004
2003	252	19.6	14.9	519.1	94.7	63.7	2.082
2003	253	22.6	8.5	15040	96	41.2	1.428
2003	254	23.8	8.8	9857	97.7	52.8	1.379
2003	255	20	14.3	1642	88	51.7	3.118
2003	256	18.8	13.3	21.82	96.8	66.6	2.318
2003	257	22.5	18.8	906.3	96.8	76.5	2.715
2003	258	24.4	16.1	1220	96.2	66.5	3.129
2003	259	21.9	8.7	14650	98.2	38.4	1.637
2003	260	22.4	7.5	15090	97.6	35.7	1.371
2003	261	17.2	10.2	22.41	94.4	74.8	2.25
2003	262	20.3	16.1	-9.003	95.1	80.3	5.968
2003	263	22.4	13.6	14110	95.7	34.5	2.44
2003	264	19.4	7.1	1735	97.5	58.7	1.084
2003	265	21	15.5	17.76	91.3	68.5	2.7
2003	266	19.5	12.1	8704	95.1	38.6	3.316
2003	267	20.5	6.5	15140	97.8	40.5	2.043
2003	268	18.5	13.1	986.8	91.6	58.7	2.942
2003	269	18.8	6.6	2520	98.4	59.6	1.316
2003	270	22.9	15.4	1550	92.7	65.5	4.94
2003	271	18.2	11.1	4179	95.5	49.1	1.623
2003	272	12	7.9	1029	88.9	60.1	3.563
2003	273	14.7	5	13250	92.7	38.3	2.972
2003	274	11.8	6.3	5454	94.2	44.8	2.302
2003	275	8.5	3.1	7250	85.4	36.5	4.104
2003	276	11.6	-1.9	13110	97.7	31.6	2.772
2003	277	10.5	5.6	1709	92	50.9	6.157
2003	278	11.7	3.7	11600	94.7	36.7	2.436
2003	279	14.9	-1.1	15210	98.4	32.5	0.856
2003	280	18.2	-0.6	14200	98.1	43.6	1.245
2003	281	22.4	3.5	10870	97.7	43.7	1.534
2003	282	23.2	6	7451	98.1	44	0.8852
2003	283	23	9.4	6831	97.3	46.2	1.804
2003	284	22.7	8.2	10300	98.1	30.1	1.814
2003	285	23	4.9	6402	98.3	49.1	1.638
2003	286	21.3	4.2	14590	95.8	29.7	1.466
2003	287	15	5.6	21.34	94.1	60.8	2.842
2003	288	13.7	6.7	4483	93.2	37.5	8.301
2003	289	13.5	7.8	3616	85	39.3	4.98
2003	290	8	4.9	23.14	95.9	78.6	0.87
2003	291	11	-0.6	2056	99.4	45.5	1.733
2003	292	14.6	7.3	6830	79.4	38.4	3.665
2003	293	17.3	0	12700	97	40.2	2.145
2003	294	19.8	11.7	3230	77.3	44.6	6.214
2003	295	11.6	4.4	1153	91.4	48.1	3.541
2003	296	5	0.8	318.1	75.5	43	3.605
2003	297	9.7	1.1	3075	85.8	47.6	2.732
2003	298	14.5	2.4	3814	78.4	42.8	3.53
2003	299	17.1	11.3	1846	92.9	57.7	2.301
2003	300	14.2	5.1	7.422	96.7	83.6	1.99
2003	301	11.2	-1.4	8112	98.4	47.3	1.739
2003	302	9.7	5.4	370.7	96	48.5	2.366
2003	303	17	1.1	10670	87.9	34.8	2.679
2003	304	24	3.8	10480	87.5	35.8	3.48
2003	305	21.5	15.3	735	79.5	42.1	2.834
2003	306	21.1	12.5	690.1	93.7	75.1	1.326
2003	307	23.9	8.7	8280	98.3	45.9	1.424
2003	308	25.5	6.6	11910	97.9	28.4	1.771
2003	309	21.6	14.4	11.39	96.7	44.2	3.265
2003	310	15.8	9.7	22.85	98.1	82.4	1.472
2003	311	10.1	2.1	8225	97.6	33.4	3.389
2003	312	6.1	-2.1	6496	71.2	36.7	3.622
2003	313	4.3	-8.2	13580	91.2	30.6	0.6581
2003	314	7.6	-8.2	11690	92.5	31.5	1.125
2003	315	6.1	-0.7	51.89	95.7	43.1	2.381
2003	316	13.1	4.9	873.3	98.6	82.9	1.648
2003	317	14.5	0	1014	92.4	30	11.96
2003	318	5	-1.8	2447	88.3	36.5	8.682
2003	319	9.1	3.4	3227	66	36.3	5.234
2003	320	8.4	3.5	100.8	93.2	48.2	0.8156
2003	321	10	4	2599	95.3	60.9	2.191
2003	322	8.2	-1.8	68.77	98.9	82.1	2.272
2003	323	17	8.3	-3.067	98.1	81	4.402
2003	324	9.1	3.8	3545	87.7	51.1	3.618
2003	325	16.6	3.9	9120	77.2	42.8	2.904
2003	326	17.7	0.8	10520	99	42.7	1.062
2003	327	15.3	2.1	4895	98.3	56.4	1.443
2003	328	12.8	0.1	1283	95.5	62.8	6.099
2003	329	2.3	-3.5	3691	95.7	44.8	4.969
2003	330	5.5	-0.9	894.2	71.8	45.4	2.401
2003	331	8.4	-2.6	4295	93.7	50.1	1.377
2003	332	12.4	2.9	-0.05184	95.8	62.7	4.385
2003	333	2.8	-1	226.3	87.3	60.9	10
2003	334	7.6	-1.7	8483	73.8	46.1	6.528
2003	335	8.8	-0.8	1386	87.5	40.5	8.309
2003	336	0.8	-4.6	2728	91.2	42.6	6.945
2003	337	-1.2	-9.3	6757	89	50.7	2.209
2003	338	1.3	-8.2	774.2	91.7	44.5	1.157
2003	339	0	-3.7	53.87	98.4	52.1	3.579
2003	340	-1.6	-5.7	307.6	99.1	60.8	3.704
2003	341	-0.9	-9.1	5917	78.9	51.9	3.451
2003	342	-0.1	-9.1	3871	94.1	59.1	1.842
2003	343	1.3	-5.3	115.2	89.1	54	0.9506
2003	344	5.2	-0.3	411.4	90.2	62.1	3.457
2003	345	9.5	0.8	24.54	98.2	68.5	5.875
2003	346	0.8	-3.4	2857	80	50.2	7.168
2003	347	-2.3	-7.9	4425	85.2	51.4	3.163
2003	348	-3.2	-5.5	53.94	97.2	51.6	3.185
2003	349	0.1	-4.6	74.74	97.6	69.7	4.804
2003	350	5.4	-12.5	7022	96.3	47.5	1.301
2003	351	4	-4.1	335.8	99.2	59.1	3.71
2003	352	-2.6	-5.3	997.8	82.8	65.5	7.213
2003	353	-1.8	-5.8	215.5	91.2	62.9	2.497
2003	354	-1.9	-5.1	942.3	82.9	53.1	4.362
2003	355	4.2	-8	4018	80.7	23.8	4.6
2003	356	7.7	1.4	641.4	63.9	27.5	4.678
2003	357	12.7	5.6	9690	90.4	46.1	3.784
2003	358	10.3	0.1	6.35	97.2	44.5	5.261
2003	359	0.9	-2.7	807.6	86.9	61	5.267
2003	360	0.8	-3.9	2315	85.7	67.2	7.437
2003	361	5.3	-4	10790	84.7	51.1	3.499
2003	362	8.4	-7.3	10770	97.4	41.6	1.1
2003	363	12.2	-4.9	10390	94.7	32.6	1.635
2003	364	9.5	0.2	22.53	96	40.8	5.661
2003	365	9.6	-4.1	7002	91.7	22.7	3.842
2004	1	7.2	-1.1	9777	65.7	29.7	4.192
2004	2	7.2	-0.7	89.34	97.1	40	1.634
2004	3	15.4	5.2	12.74	96.1	74.5	3.774
2004	4	13.5	2.2	16.81	97.2	79.7	3.009
2004	5	4.9	-0.2	49.77	97.2	79	4.325
2004	6	0.6	-10.1	3009	85.8	44.6	6.347
2004	7	-7.8	-11.5	2687	76.4	48.8	8.918
2004	8	-3	-8.9	3232	78	46.8	6.787
2004	9	-4.6	-12.9	9115	83.2	42.9	3.508
2004	10	-10.7	-19.4	11820	74.5	33.8	3.259
2004	11	-2	-15.7	653.7	80.7	38.8	2.722
2004	12	3.9	-3.3	26.22	83.6	47.2	6.86
2004	13	1.6	-5.8	812.9	91.2	49.9	7.401
2004	14	-5.8	-13.1	72.86	90	55.9	3.061
2004	15	-8.3	-13.3	1807	93.1	53.8	4.146
2004	16	-8.4	-18.5	12910	64.3	43.5	5.798
2004	17	-5.2	-17.9	314.7	91.6	50.1	2.08
2004	18	0.1	-7.4	77.72	96.8	61	3.565
2004	19	-6.5	-9.8	39.67	76.3	58.5	7.24
2004	20	-7.4	-9.7	1624	75.2	57.1	6.144
2004	21	-7.5	-12.4	6471	79.5	51.2	3.509
2004	22	-0.1	-10.8	3533	89.8	37.6	7.454
2004	23	-10.8	-16.6	2296	77.5	50.3	6.336
2004	24	-7.9	-13.6	2043	89.4	47.9	2.38
2004	25	-10.5	-20.6	1661	85.9	48	1.975
2004	26	-9.7	-12.4	44.32	89	45.6	3.483
2004	27	-6.7	-10.2	73.66	94.5	84.9	1.528
2004	28	-5.2	-8.6	459.7	94.9	63.2	7.757
2004	29	-6.9	-10.6	8620	74.1	45.1	7.891
2004	30	-10.3	-12.8	3479	84.1	50.2	5.436
2004	31	-9.9	-15.4	1375	74.4	59.6	6.778
2004	32	4.9	-12	13490	78.4	29.9	2.167
2004	33	-0.2	-14.6	4257	93.7	49.4	1.281
2004	34	0.1	-4.1	33.49	100.1	55.6	2.778
2004	35	1.6	-4.6	6000	99.1	54.6	6.916
2004	36	-4.1	-11.2	120.3	91.7	65.2	1.752
2004	37	1.6	-5.6	36.55	96.8	82.7	3.398
2004	38	1.7	-3.9	433.3	99.4	60.1	5.699
2004	39	-3	-12.6	14160	76.4	40.6	4.758
2004	40	4.1	-14.7	544.2	87.7	41.5	3.488
2004	41	3.7	-0.1	10450	74.7	42.4	5.571
2004	42	1.7	-5.7	8575	90.7	44.7	5.081
2004	43	5	-9.4	1885	85.5	41.3	1.276
2004	44	3.4	-3.7	5061	80.4	56.9	6.401
2004	45	1.1	-4.8	1361	68.3	46.5	5.739
2004	46	-1.5	-9.7	15550	82.8	34.8	2.933
2004	47	-0.4	-19.6	15620	82.8	27.2	0.8569
2004	48	-1	-14	2308	74.2	30.9	1.823
2004	49	2.1	-14.8	12390	91.9	26.3	1.519
2004	50	6.6	-2.8	5331	71.4	46.3	5.361
2004	51	7.6	-2.8	5559	92.3	45.8	2.059
2004	52	6.2	-0.5	206.6	90.5	61.8	6.942
2004	53	2.8	-1.1	3296	83	48.1	6.549
2004	54	3	-9.2	2097	93	40.5	1.062
2004	55	1.7	-3.2	59.85	97.2	45.2	2.484
2004	56	3.1	-10.4	15680	96.9	32.8	2.151
2004	57	3.3	-12	3095	94.3	43.1	1.191
2004	58	6.3	-7.3	14890	79.7	22.7	1.456
2004	59	10.4	-10	14770	89.9	19.4	1.193
2004	60	11.5	-5.9	4225	86.7	20.9	1.708
2004	61	15.1	-2.9	4833	87.2	20.5	1.55
2004	62	14	5.5	6721	68.5	28.2	4.573
2004	63	9.5	2.6	272.7	86.3	55.5	2.213
2004	64	11.9	1.9	1046	98.4	68.6	0.9102
2004	65	14.7	5.8	1657	94	72.8	1.94
2004	66	16.4	4.3	1800	94.1	64.4	5.885
2004	67	10.4	1.8	3555	90.4	42.3	4.505
2004	68	3.6	-0.4	84.13	94.6	69	4.097
2004	69	3.5	-3.2	8241	83.7	37.3	2.188
2004	70	4.5	-5	4931	92.1	50.1	1.356
2004	71	9.1	-6.3	8799	96.6	30.7	1.348
2004	72	7.3	-5	2912	93.6	42.3	7.794
2004	73	2	-5.7	9009	83.2	42	5.37
2004	74	7.1	-6.1	1617	86.5	37.1	2.99
2004	75	9	2.6	13200	89.2	29.3	7.195
2004	76	5.8	-3.6	28.49	94.8	33.7	4.813
2004	77	0.3	-4.1	635.4	98.3	57.9	2.542
2004	78	5	-6.9	5897	96.5	46.5	1.792
2004	79	6	-1.6	6568	99.5	34.1	3.06
2004	80	7.8	-3.8	6800	89.4	48.7	3.268
2004	81	8.1	-3	494.7	98.2	52.7	5.747
2004	82	-1.1	-8.4	15700	73.3	30.2	4.983
2004	83	6.5	-8.1	15990	75.6	25.7	4.615
2004	84	12	-3.8	3451	78.7	22.5	2.78
2004	85	16.7	5.3	266.5	84.8	43.6	3.175
2004	86	22.2	5.4	710.6	86.5	33.4	1.964
2004	87	20.6	12.2	4715	93.1	38.6	2.962
2004	88	16.9	5.4	10710	84.8	30.5	4.11
2004	89	14.1	4.5	9183	75.5	38.7	3.161
2004	90	11.5	1.2	2801	82.9	47	3.075
2004	91	7.2	3.5	42.94	96.9	81.5	2.527
2004	92	9.5	5.7	287.9	97.5	80.2	3.724
2004	93	7.9	5.1	40.69	96.1	77.8	2.994
2004	94	8.3	2.6	132	91.1	69.8	2.329
2004	95	7.9	-0.1	107.8	95.9	52.1	4.879
2004	96	3.5	-5.3	18770	60.8	19.4	7.076
2004	97	11.2	-3.6	12310	53.9	26	4.961
2004	98	16.5	5.8	10500	54.6	24.3	3.842
2004	99	10.8	-1.4	472.8	94.7	30	1.3
2004	100	12.8	2.4	11030	96.4	25.3	3.414
2004	101	13.4	-2.1	5613	86.3	28.7	2.429
2004	102	9.6	3.2	32.62	81.3	39.6	2.042
2004	103	7.2	3.2	34.27	93.6	45.7	3.182
2004	104	6.2	3.9	18.31	97.2	82.3	3.829
2004	105	7.7	4.5	55.56	98.2	48.2	3.156
2004	106	13.3	-0.3	17390	77.6	17.3	3.464
2004	107	19.2	-2.8	16190	83.3	17.1	1.377
2004	108	24.3	4.9	8929	76.4	24.2	3.972
2004	109	27.9	12.4	6544	74.7	29.9	2.198
2004	110	25.8	20.5	5518	52.4	21.6	7.554
2004	111	21.4	8.9	12080	78.1	22.9	3.063
2004	112	22.5	12.1	6880	78.4	35.3	4.462
2004	113	20.5	14.2	3272	89.7	50	4.208
2004	114	15.2	9.1	13.5	97.5	88.6	2.799
2004	115	18.2	6.3	12640	97.8	21.6	2.198
2004	116	16.2	4.8	20.27	89.9	26.8	3.321
2004	117	12.5	8.2	29.45	97.1	70.4	3.464
2004	118	11	3.2	4954	96.8	40.6	3.737
2004	119	14.1	-1.6	16420	78.4	27.9	4.015
2004	120	25.3	8.7	10170	60	22.3	4.91
2004	121	24.7	11.2	9119	76.7	29.6	4.232
2004	122	25.8	16.8	5226	73.2	41.9	4.94
2004	123	24.1	11.5	2413	94.8	56.5	5.303
2004	124	14.6	4.4	8755	90	27.7	4.353
2004	125	13.8	0.9	17960	77	22.9	4.407
2004	126	17.8	4.8	4664	79.2	26.5	3.892
2004	127	25.2	0.3	15100	93.7	23.3	2.092
2004	128	22.5	15.3	1066	89.8	34.1	3.924
2004	129	18.4	7.8	8879	87	39.9	3.58
2004	130	27.2	10.1	7352	87.1	33.3	4.229
2004	131	27.8	11.5	6028	98.8	39.2	2.228
2004	132	26.9	13.7	6138	92.9	46.3	2.288
2004	133	28.8	15	8048	94.9	34.5	1.901
2004	134	29.4	15.6	10400	93.6	31.3	1.87
2004	135	26.1	19.2	4656	83.3	43.4	3.713
2004	136	26.4	15.8	3919	96.5	46.5	3.861
2004	137	21.5	12	3970	95	51.1	1.891
2004	138	25.6	10.8	10950	97.1	52.2	2.341
2004	139	24.4	16.2	3934	94.5	57.7	4.234
2004	140	21	15.5	52.81	95.5	75.2	2.179
2004	141	18.1	11.7	38	98.2	86.1	3.332
2004	142	26	16.8	4215	97.6	54.8	3.093
2004	143	27.5	14.1	7655	97.2	49.8	3.47
2004	144	28.3	19.2	8736	85.3	42.1	4.467
2004	145	27.2	21.3	7977	73.7	40.1	5.975
2004	146	25.9	11.5	9066	91.8	45.4	2.53
2004	147	92.7	-10000	1204	92.1	74.3	4.051
2000	180	24.3	12.2	10.75	104.1	43.3	0.9779
2000	180	24.3	12.2	10.75	104.1	43.3	0.9779
2000	180	24.3	12.2	10.75	104.1	43.3	0.9779
